:Product: Daily Particle Data        2003_DPD.txt
#
#  Prepared by the U.S. Dept. of Commerce, NOAA, Space Environment Center.
#  Please send comments and suggestions to sec.webmaster@noaa.gov
#
#                          2003 Daily Particle Data
#
#              GOES-11 Proton Fluence     GOES-12 Electron Fluence     Neutron
#            --- Protons/cm2-day-sr ---  -- Electrons/cm2-day-sr --    Monitor
#  Date       >1 MeV  >10 MeV  >100 MeV  >0.6 MeV   >2 MeV           % of bkgd
#-------------------------------------------------------------------------------

2003 01 01    2.0e+05  1.3e+04  3.4e+03   2.7e+10    9.5e+07            -1.00
2003 01 02    3.0e+05  1.4e+04  3.5e+03   1.7e+10    5.1e+07            -1.00
2003 01 03    1.5e+06  1.3e+04  3.3e+03   9.6e+09    2.9e+07            -1.00
2003 01 04    3.7e+05  1.3e+04  3.2e+03   7.6e+09    3.7e+06            -1.00
2003 01 05    3.8e+05  1.3e+04  3.4e+03   2.5e+10    2.0e+07            -1.00
2003 01 06    4.3e+05  1.3e+04  3.3e+03   2.3e+10    2.7e+07            -1.00
2003 01 07    4.0e+05  1.4e+04  3.4e+03   1.6e+10    1.8e+07            -1.00
2003 01 08    2.7e+05  1.4e+04  3.7e+03   6.5e+09    8.6e+06            -1.00
2003 01 09    2.5e+05  1.4e+04  3.7e+03   6.8e+09    9.2e+06            -1.00
2003 01 10    3.2e+05  1.3e+04  2.9e+03   4.7e+09    3.1e+06            -1.00
2003 01 11    5.8e+04  1.3e+04  2.9e+03   5.7e+09    2.0e+06            -1.00
2003 01 12    4.3e+04  1.3e+04  3.1e+03   5.2e+09    1.4e+06            -1.00
2003 01 13    5.0e+04  1.3e+04  3.1e+03   6.5e+09    2.6e+06            -1.00
2003 01 14    3.6e+04  1.3e+04  2.9e+03   2.7e+09    9.8e+05            -1.00
2003 01 15    5.1e+04  1.3e+04  3.0e+03   4.9e+09    2.1e+06            -1.00
2003 01 16    4.4e+04  1.4e+04  3.0e+03   7.9e+09    3.0e+06            -1.00
2003 01 17    1.0e+05  1.4e+04  3.2e+03   3.4e+09    1.3e+06            -1.00
2003 01 18    3.3e+05  1.4e+04  2.9e+03   1.2e+09    7.1e+05            -1.00
2003 01 19    3.1e+05  1.3e+04  3.1e+03   2.3e+09    7.7e+05            -1.00
2003 01 20    2.0e+05  1.3e+04  2.6e+03   1.5e+10    4.7e+06            -1.00
2003 01 21    1.5e+06  1.4e+04  2.4e+03   3.3e+10    9.1e+07            -1.00
2003 01 22    5.0e+05  1.3e+04  2.5e+03   2.3e+10    7.6e+07            -1.00
2003 01 23    1.6e+06  1.2e+04  2.5e+03   1.7e+10    2.9e+07            -1.00
2003 01 24    1.3e+06  1.2e+04  2.2e+03   1.2e+10    2.2e+07            -1.00
2003 01 25    4.0e+06  1.1e+04  2.4e+03   2.0e+10    6.5e+07            -1.00
2003 01 26    1.5e+06  1.1e+04  2.4e+03   3.4e+10    1.5e+08            -1.00
2003 01 27    9.9e+05  1.1e+04  2.2e+03   1.9e+10    8.1e+07            -1.00
2003 01 28    4.3e+05  1.2e+04  2.3e+03   5.8e+09    1.4e+07            -1.00
2003 01 29    1.2e+06  1.2e+04  2.3e+03   6.7e+09    2.2e+07            -1.00
2003 01 30    7.0e+05  1.1e+04  2.5e+03   9.8e+09    1.6e+07            -1.00
2003 01 31    5.6e+05  1.3e+04  2.7e+03   2.4e+10    6.1e+07            -1.00
2003 02 01    1.9e+05  1.3e+04  3.0e+03   4.3e+10    1.8e+08            -1.00
2003 02 02    1.0e+06  1.3e+04  2.7e+03   6.1e+09    1.4e+07            -1.00
2003 02 03    3.9e+05  1.3e+04  2.4e+03   1.2e+10    2.4e+07            -1.00
2003 02 04    4.8e+05  1.4e+04  3.0e+03   9.8e+09    2.6e+07            -1.00
2003 02 05    3.4e+05  1.5e+04  3.4e+03   3.5e+10    1.2e+08            -1.00
2003 02 06    4.0e+05  1.4e+04  3.2e+03   3.2e+10    1.4e+08            -1.00
2003 02 07    1.4e+05  1.5e+04  3.3e+03   1.4e+10    4.7e+07            -1.00
2003 02 08    1.8e+05  1.5e+04  3.5e+03   1.9e+10    6.3e+07            -1.00
2003 02 09    3.0e+05  1.3e+04  3.4e+03   2.2e+10    1.0e+08            -1.00
2003 02 10    1.3e+05  1.3e+04  3.1e+03   1.9e+10    6.1e+07            -1.00
2003 02 11    8.2e+04  1.4e+04  3.1e+03   1.1e+10    3.8e+07            -1.00
2003 02 12    2.3e+05  1.3e+04  3.0e+03   9.0e+09    4.0e+07            -1.00
2003 02 13    5.1e+04  1.3e+04  2.9e+03   1.7e+09    4.5e+06            -1.00
2003 02 14    9.1e+05  1.3e+04  3.1e+03   5.1e+09    1.3e+07            -1.00
2003 02 15    5.9e+05  1.3e+04  2.9e+03   8.3e+09    1.6e+07            -1.00
2003 02 16    7.4e+05  1.3e+04  2.9e+03   1.7e+10    3.4e+07            -1.00
2003 02 17    9.1e+05  1.3e+04  2.8e+03   2.3e+10    5.2e+07            -1.00
2003 02 18    5.6e+05  1.1e+04  2.4e+03   3.5e+09    7.7e+06            -1.00
2003 02 19    4.7e+05  1.1e+04  2.3e+03   4.1e+09    5.3e+06            -1.00
2003 02 20    6.6e+05  1.1e+04  2.4e+03   7.5e+09    5.5e+06            -1.00
2003 02 21    3.7e+05  1.0e+04  2.1e+03   1.8e+10    1.8e+07            -1.00
2003 02 22    5.0e+05  1.0e+04  2.4e+03   2.4e+10    4.2e+07            -1.00
2003 02 23    2.9e+05  1.1e+04  2.4e+03   2.2e+10    4.1e+07            -1.00
2003 02 24    2.0e+05  1.2e+04  2.5e+03   2.0e+10    4.1e+07            -1.00
2003 02 25    3.5e+05  1.3e+04  2.7e+03   1.4e+10    3.3e+07            -1.00
2003 02 26    5.0e+05  1.3e+04  2.6e+03   3.3e+09    5.2e+06            -1.00
2003 02 27    6.1e+05  1.2e+04  2.7e+03   4.1e+09    3.4e+06            -1.00
2003 02 28    3.8e+05  1.2e+04  2.6e+03   1.7e+10    3.5e+07            -1.00
2003 03 01    1.2e+05  1.2e+04  2.9e+03   1.1e+10    3.5e+07            -1.00
2003 03 02    1.0e+05  1.2e+04  2.8e+03   6.0e+09    1.6e+07            -1.00
2003 03 03    3.4e+05  1.2e+04  2.9e+03   6.8e+09    2.4e+07            -1.00
2003 03 04    4.3e+05  1.2e+04  2.7e+03   8.6e+09    1.4e+07            -1.00
2003 03 05    2.3e+05  1.2e+04  2.8e+03   1.3e+10    3.6e+07            -1.00
2003 03 06    4.0e+05  1.2e+04  2.8e+03   1.2e+10    5.2e+07            -1.00
2003 03 07    1.8e+05  1.2e+04  3.0e+03   2.5e+10    6.8e+07            -1.00
2003 03 08    2.1e+05  1.3e+04  3.0e+03   2.7e+10    9.9e+07            -1.00
2003 03 09    1.5e+05  1.2e+04  2.6e+03   1.3e+10    3.3e+07            -1.00
2003 03 10    3.6e+05  1.1e+04  2.7e+03   1.1e+10    4.0e+07            -1.00
2003 03 11    9.9e+04  1.1e+04  2.4e+03   9.2e+09    2.4e+07            -1.00
2003 03 12    8.1e+04  1.1e+04  2.5e+03   7.2e+09    2.8e+07            -1.00
2003 03 13    1.2e+05  1.1e+04  2.5e+03   2.8e+09    9.7e+06            -1.00
2003 03 14    5.2e+05  1.1e+04  2.5e+03   2.9e+09    7.2e+06            -1.00
2003 03 15    1.0e+06  1.1e+04  2.5e+03   1.9e+10    4.2e+07            -1.00
2003 03 16    2.0e+06  1.1e+04  2.3e+03   1.5e+10    4.2e+07            -1.00
2003 03 17    2.3e+06  1.5e+04  2.3e+03   1.8e+10    8.4e+07            -1.00
2003 03 18    4.0e+06  2.2e+04  2.4e+03   3.0e+10    1.9e+08            -1.00
2003 03 19    2.8e+06  1.5e+04  2.4e+03   3.9e+10    2.2e+08            -1.00
2003 03 20    3.4e+06  1.2e+04  2.1e+03   2.1e+10    1.3e+08            -1.00
2003 03 21    7.0e+06  1.1e+04  2.4e+03   3.7e+10    2.5e+08            -1.00
2003 03 22    8.4e+05  1.2e+04  2.7e+03   2.9e+10    1.6e+08            -1.00
2003 03 23    5.5e+06  1.2e+04  2.7e+03   4.3e+10    3.5e+08            -1.00
2003 03 24    8.0e+05  1.2e+04  2.8e+03   4.2e+10    3.7e+08            -1.00
2003 03 25    1.4e+06  1.2e+04  2.7e+03   4.6e+10    6.3e+08            -1.00
2003 03 26    9.7e+05  1.2e+04  2.6e+03   1.9e+10    1.4e+08            -1.00
2003 03 27    4.2e+05  1.1e+04  2.6e+03   3.5e+09    8.3e+06            -1.00
2003 03 28    4.5e+05  1.1e+04  2.6e+03   1.1e+10    2.7e+07            -1.00
2003 03 29    3.0e+05  1.1e+04  2.5e+03   4.4e+09    1.1e+07            -1.00
2003 03 30    2.0e+05  1.1e+04  2.5e+03   5.3e+09    1.0e+07            -1.00
2003 03 31    6.7e+05  1.1e+04  2.3e+03   8.6e+09    3.7e+07            -1.00
2003 04 01   -1.0e+05 -1.0e+05 -1.0e+05   1.5e+10    1.2e+08            99.10
2003 04 02   -1.0e+05 -1.0e+05 -1.0e+05   2.1e+10    1.8e+08            99.90
2003 04 03   -1.0e+05 -1.0e+05 -1.0e+05   1.4e+10    1.3e+08           100.50
2003 04 04   -1.0e+05 -1.0e+05 -1.0e+05   9.8e+09    6.6e+07           100.60
2003 04 05   -1.0e+05 -1.0e+05 -1.0e+05   1.0e+10    4.9e+07            99.70
2003 04 06   -1.0e+05 -1.0e+05 -1.0e+05   1.7e+10    6.7e+07            99.40
2003 04 07   -1.0e+05 -1.0e+05 -1.0e+05   1.9e+10    1.1e+08           100.20
2003 04 08   -1.0e+05 -1.0e+05 -1.0e+05  -1.0e+05   -1.0e+05            99.80
2003 04 09   -1.0e+05 -1.0e+05 -1.0e+05  -1.0e+05   -1.0e+05            99.00
2003 04 10   -1.0e+05 -1.0e+05 -1.0e+05  -1.0e+05   -1.0e+05            98.50
2003 04 11   -1.0e+05 -1.0e+05 -1.0e+05  -1.0e+05   -1.0e+05            98.10
2003 04 12   -1.0e+05 -1.0e+05 -1.0e+05  -1.0e+05   -1.0e+05            99.10
2003 04 13   -1.0e+05 -1.0e+05 -1.0e+05  -1.0e+05   -1.0e+05            99.90
2003 04 14   -1.0e+05 -1.0e+05 -1.0e+05  -1.0e+05   -1.0e+05            99.80
2003 04 15   -1.0e+05 -1.0e+05 -1.0e+05  -1.0e+05   -1.0e+05            -1.00
2003 04 16   -1.0e+05 -1.0e+05 -1.0e+05  -1.0e+05   -1.0e+05           100.70
2003 04 17   -1.0e+05 -1.0e+05 -1.0e+05  -1.0e+05   -1.0e+05           100.50
2003 04 18   -1.0e+05 -1.0e+05 -1.0e+05  -1.0e+05   -1.0e+05           100.20
2003 04 19   -1.0e+05 -1.0e+05 -1.0e+05  -1.0e+05   -1.0e+05           100.70
2003 04 20   -1.0e+05 -1.0e+05 -1.0e+05  -1.0e+05   -1.0e+05           100.90
2003 04 21   -1.0e+05 -1.0e+05 -1.0e+05  -1.0e+05   -1.0e+05           100.00
2003 04 22   -1.0e+05 -1.0e+05 -1.0e+05  -1.0e+05   -1.0e+05           100.10
2003 04 23   -1.0e+05 -1.0e+05 -1.0e+05  -1.0e+05   -1.0e+05            99.80
2003 04 24   -1.0e+05 -1.0e+05 -1.0e+05  -1.0e+05   -1.0e+05           100.00
2003 04 25   -1.0e+05 -1.0e+05 -1.0e+05  -1.0e+05   -1.0e+05            99.60
2003 04 26   -1.0e+05 -1.0e+05 -1.0e+05  -1.0e+05   -1.0e+05           100.10
2003 04 27   -1.0e+05 -1.0e+05 -1.0e+05  -1.0e+05   -1.0e+05           100.20
2003 04 28   -1.0e+05 -1.0e+05 -1.0e+05  -1.0e+05   -1.0e+05            99.80
2003 04 29   -1.0e+05 -1.0e+05 -1.0e+05  -1.0e+05   -1.0e+05            99.60
2003 04 30   -1.0e+05 -1.0e+05 -1.0e+05  -1.0e+05   -1.0e+05            99.30
2003 05 01   -1.0e+05 -1.0e+05 -1.0e+05  -1.0e+05   -1.0e+05            98.90
2003 05 02   -1.0e+05 -1.0e+05 -1.0e+05  -1.0e+05   -1.0e+05            98.90
2003 05 03   -1.0e+05 -1.0e+05 -1.0e+05  -1.0e+05   -1.0e+05            99.20
2003 05 04   -1.0e+05 -1.0e+05 -1.0e+05  -1.0e+05   -1.0e+05           100.10
2003 05 05   -1.0e+05 -1.0e+05 -1.0e+05  -1.0e+05   -1.0e+05           100.20
2003 05 06   -1.0e+05 -1.0e+05 -1.0e+05  -1.0e+05   -1.0e+05            99.60
2003 05 07   -1.0e+05 -1.0e+05 -1.0e+05  -1.0e+05   -1.0e+05            99.00
2003 05 08   -1.0e+05 -1.0e+05 -1.0e+05  -1.0e+05   -1.0e+05           100.00
2003 05 09   -1.0e+05 -1.0e+05 -1.0e+05  -1.0e+05   -1.0e+05            99.10
2003 05 10   -1.0e+05 -1.0e+05 -1.0e+05  -1.0e+05   -1.0e+05           100.50
2003 05 11   -1.0e+05 -1.0e+05 -1.0e+05  -1.0e+05   -1.0e+05           100.80
2003 05 12   -1.0e+05 -1.0e+05 -1.0e+05  -1.0e+05   -1.0e+05           100.80
2003 05 13   -1.0e+05 -1.0e+05 -1.0e+05  -1.0e+05   -1.0e+05           100.40
2003 05 14   -1.0e+05 -1.0e+05 -1.0e+05   4.8e+10    4.6e+08           100.30
2003 05 15   -1.0e+05 -1.0e+05 -1.0e+05   3.7e+10    3.6e+08           100.20
2003 05 16   -1.0e+05 -1.0e+05 -1.0e+05   4.4e+10    4.5e+08           100.50
2003 05 17   -1.0e+05 -1.0e+05 -1.0e+05   2.8e+10    2.7e+08           100.60
2003 05 18   -1.0e+05 -1.0e+05 -1.0e+05   2.0e+10    3.1e+08           100.40
2003 05 19   -1.0e+05 -1.0e+05 -1.0e+05   2.4e+09    7.4e+06           100.20
2003 05 20   -1.0e+05 -1.0e+05 -1.0e+05   2.7e+09    6.0e+06            99.80
2003 05 21   -1.0e+05 -1.0e+05 -1.0e+05   3.7e+09    1.2e+07            99.90
2003 05 22   -1.0e+05 -1.0e+05 -1.0e+05   7.7e+09    1.0e+07            99.20
2003 05 23   -1.0e+05 -1.0e+05 -1.0e+05   1.3e+10    4.2e+07            99.80
2003 05 24   -1.0e+05 -1.0e+05 -1.0e+05   9.7e+09    3.1e+07            -1.00
2003 05 25   -1.0e+05 -1.0e+05 -1.0e+05   2.1e+10    9.9e+07            -1.00
2003 05 26   -1.0e+05 -1.0e+05 -1.0e+05   2.8e+10    1.8e+08            -1.00
2003 05 27   -1.0e+05 -1.0e+05 -1.0e+05   1.1e+10    5.1e+07            99.70
2003 05 28   -1.0e+05 -1.0e+05 -1.0e+05   1.0e+10    3.1e+07            98.10
2003 05 29   -1.0e+05 -1.0e+05 -1.0e+05   9.7e+09    4.8e+07            99.10
2003 05 30   -1.0e+05 -1.0e+05 -1.0e+05   4.1e+07    5.0e+05            91.70
2003 05 31   -1.0e+05 -1.0e+05 -1.0e+05   8.8e+09    3.6e+06            92.30
2003 06 01   -1.0e+05 -1.0e+05 -1.0e+05   1.8e+10    1.8e+07            95.70
2003 06 02   -1.0e+05 -1.0e+05 -1.0e+05   3.5e+09    1.1e+06            98.20
2003 06 03   -1.0e+05 -1.0e+05 -1.0e+05   2.5e+10    6.5e+07            99.70
2003 06 04   -1.0e+05 -1.0e+05 -1.0e+05   2.6e+10    1.2e+08           100.60
2003 06 05   -1.0e+05 -1.0e+05 -1.0e+05   4.5e+10    2.7e+08           108.70
2003 06 06   -1.0e+05 -1.0e+05 -1.0e+05   3.6e+10    2.6e+08           101.70
2003 06 07   -1.0e+05 -1.0e+05 -1.0e+05   2.0e+10    1.2e+08           104.50
2003 06 08   -1.0e+05 -1.0e+05 -1.0e+05   8.0e+09    2.5e+07           100.70
2003 06 09   -1.0e+05 -1.0e+05 -1.0e+05   1.5e+10    6.4e+07            99.60
2003 06 10   -1.0e+05 -1.0e+05 -1.0e+05   2.8e+10    1.3e+08            99.40
2003 06 11   -1.0e+05 -1.0e+05 -1.0e+05   2.7e+10    1.3e+08           100.10
2003 06 12   -1.0e+05 -1.0e+05 -1.0e+05   3.4e+10    2.2e+08           100.60
2003 06 13   -1.0e+05 -1.0e+05 -1.0e+05   2.6e+10    2.1e+08           101.50
2003 06 14   -1.0e+05 -1.0e+05 -1.0e+05   3.6e+09    8.3e+06           101.30
2003 06 15   -1.0e+05 -1.0e+05 -1.0e+05   4.5e+09    6.4e+06           100.50
2003 06 16   -1.0e+05 -1.0e+05 -1.0e+05   2.8e+09    6.9e+06            99.00
2003 06 17   -1.0e+05 -1.0e+05 -1.0e+05   2.9e+09    8.0e+06            99.20
2003 06 18    6.1e+06  2.7e+05  3.1e+03   1.0e+09    2.3e+06            98.40
2003 06 19    3.2e+07  8.2e+05  2.8e+03   1.0e+10    1.6e+07            97.60
2003 06 20    2.0e+07  1.7e+05  2.1e+03   1.8e+10    4.1e+07            96.80
2003 06 21    7.7e+06  4.1e+04  2.1e+03   1.0e+10    2.6e+07            97.70
2003 06 22    5.3e+06  2.4e+04  2.0e+03   1.4e+10    4.9e+07            97.80
2003 06 23    3.1e+06  1.2e+04  2.1e+03   3.0e+10    1.4e+08            97.90
2003 06 24    1.7e+06  1.0e+04  1.9e+03   8.0e+09    2.3e+07            98.70
2003 06 25    1.2e+06  9.4e+03  2.0e+03   2.7e+10    8.7e+07            99.00
2003 06 26    1.3e+06  9.3e+03  2.0e+03   2.7e+10    1.8e+08           100.60
2003 06 27    1.4e+06  9.6e+03  2.1e+03   8.9e+09    3.8e+07            99.90
2003 06 28    2.1e+06  9.8e+03  2.1e+03   1.0e+10    4.0e+07            99.90
2003 06 29    2.3e+06  1.1e+04  2.5e+03   2.2e+10    9.4e+07           100.70
2003 06 30    1.2e+06  1.0e+04  2.4e+03   2.3e+10    1.7e+08           100.40
2003 07 01    3.4e+05  1.1e+04  2.6e+03   3.7e+10    2.8e+08           100.50
2003 07 02    2.8e+05  1.1e+04  2.5e+03   2.8e+10    1.8e+08           100.80
2003 07 03    6.1e+05  1.1e+04  2.7e+03   2.2e+10    1.2e+08           100.10
2003 07 04    1.1e+06  1.1e+04  2.6e+03   1.9e+10    8.5e+07           100.30
2003 07 05    1.0e+06  1.1e+04  2.6e+03   2.9e+10    1.8e+08           101.00
2003 07 06    6.1e+05  1.1e+04  2.8e+03   4.2e+10    2.2e+08           100.80
2003 07 07    1.2e+06  1.1e+04  2.7e+03   3.8e+10    2.5e+08           100.10
2003 07 08    5.6e+05  1.1e+04  2.7e+03   2.8e+10    2.0e+08           100.80
2003 07 09    9.0e+05  1.2e+04  2.6e+03   2.4e+10    1.9e+08           100.20
2003 07 10    9.9e+05  1.1e+04  2.4e+03   1.2e+10    7.0e+07           100.10
2003 07 11    5.0e+05  1.1e+04  2.5e+03   8.5e+08    3.0e+06           100.40
2003 07 12    1.4e+06  1.1e+04  2.5e+03   1.6e+10    2.1e+07            99.90
2003 07 13    7.9e+05  1.1e+04  2.6e+03   2.9e+10    1.2e+08            99.50
2003 07 14    8.7e+05  1.1e+04  2.5e+03   2.8e+10    1.6e+08            98.90
2003 07 15    1.2e+06  1.1e+04  2.5e+03   1.3e+10    5.0e+07            99.50
2003 07 16    1.0e+06  1.1e+04  2.8e+03   1.6e+09    4.0e+06           100.20
2003 07 17    1.4e+06  1.2e+04  2.6e+03   2.2e+10    4.5e+07            99.70
2003 07 18    5.5e+05  1.3e+04  2.8e+03   2.5e+10    9.9e+07           100.60
2003 07 19    3.8e+05  1.2e+04  2.6e+03   5.7e+09    1.5e+07           100.70
2003 07 20    1.5e+06  1.1e+04  2.5e+03   2.4e+10    8.4e+07           100.30
2003 07 21    3.9e+05  1.2e+04  2.7e+03   2.1e+10    7.1e+07            99.90
2003 07 22    5.5e+05  1.1e+04  2.6e+03   3.3e+10    1.9e+08            99.90
2003 07 23    7.2e+05  1.2e+04  2.6e+03   3.0e+10    1.8e+08           100.20
2003 07 24    3.4e+05  1.1e+04  2.6e+03   8.6e+09    3.5e+07            99.80
2003 07 25    4.2e+05  1.2e+04  2.7e+03   3.2e+09    9.4e+06           100.10
2003 07 26    2.3e+05  1.1e+04  2.5e+03   4.5e+08    1.1e+06            99.30
2003 07 27    1.7e+06  1.1e+04  2.4e+03   1.1e+10    1.2e+07            99.30
2003 07 28    8.3e+05  1.1e+04  2.5e+03   1.9e+10    3.2e+07            99.60
2003 07 29    8.5e+06  1.3e+04  2.3e+03   2.1e+10    1.1e+08            99.30
2003 07 30    6.6e+06  1.2e+04  2.3e+03   3.8e+10    3.9e+08            99.50
2003 07 31    5.7e+06  1.3e+04  2.3e+03   3.1e+10    3.0e+08            99.00
2003 08 01    4.3e+06  1.2e+04  2.3e+03   5.2e+10    8.1e+08            99.70
2003 08 02    2.8e+06  1.0e+04  2.4e+03   5.0e+10    6.8e+08           100.70
2003 08 03    1.4e+06  1.2e+04  2.5e+03   5.4e+10    7.7e+08           100.60
2003 08 04    1.6e+06  1.2e+04  2.5e+03   5.1e+10    8.2e+08           100.10
2003 08 05    1.6e+06  1.1e+04  2.5e+03   4.9e+10    1.1e+09           100.20
2003 08 06    7.2e+05  1.2e+04  2.4e+03   4.4e+09    5.4e+06            99.60
2003 08 07    8.6e+05  1.2e+04  2.4e+03   8.0e+09    1.4e+07            99.60
2003 08 08    9.1e+05  1.2e+04  2.4e+03   8.4e+09    1.9e+07           100.30
2003 08 09    3.2e+06  1.1e+04  2.4e+03   2.4e+10    8.3e+07            99.60
2003 08 10    7.0e+05  1.1e+04  2.3e+03   2.5e+10    1.1e+08            99.80
2003 08 11    1.3e+06  1.1e+04  2.5e+03   3.2e+10    2.2e+08            99.80
2003 08 12    1.6e+06  1.1e+04  2.5e+03   2.2e+10    1.1e+08           100.10
2003 08 13    8.5e+05  1.1e+04  2.6e+03   3.3e+10    1.8e+08           100.00
2003 08 14    9.2e+05  1.2e+04  2.7e+03   2.7e+10    1.5e+08           100.50
2003 08 15    5.7e+05  1.2e+04  2.6e+03   2.5e+10    1.4e+08           100.40
2003 08 16    9.0e+05  1.2e+04  2.4e+03   3.6e+10    2.5e+08            99.50
2003 08 17    7.5e+05  1.1e+04  2.5e+03   1.6e+10    1.4e+08            98.80
2003 08 18    2.0e+06  1.1e+04  2.2e+03   7.8e+08    4.5e+06            99.10
2003 08 19    3.0e+05  1.4e+04  2.4e+03   3.3e+09    1.5e+07            99.90
2003 08 20    5.7e+05  1.3e+04  2.4e+03   8.6e+09    6.2e+07            99.70
2003 08 21    1.5e+06  1.2e+04  2.5e+03   5.0e+09    1.8e+07           100.20
2003 08 22    7.3e+06  1.2e+04  2.6e+03   2.5e+10    1.9e+08           100.50
2003 08 23    6.0e+06  1.2e+04  2.7e+03   4.8e+10    6.0e+08           100.70
2003 08 24    4.0e+06  1.2e+04  2.7e+03   5.5e+10    7.5e+08           100.40
2003 08 25    1.7e+06  1.2e+04  2.5e+03   3.6e+10    4.9e+08           100.20
2003 08 26    8.7e+05  1.2e+04  2.6e+03   6.1e+10    8.2e+08           100.00
2003 08 27    5.4e+05  1.2e+04  2.6e+03   6.4e+10    1.0e+09            99.80
2003 08 28    4.1e+05  1.1e+04  2.6e+03   1.3e+10    1.0e+08           100.30
2003 08 29    6.5e+05  1.1e+04  2.7e+03   1.9e+10    2.5e+08           100.00
2003 08 30    2.8e+05  1.1e+04  2.2e+03   1.8e+10    7.2e+07            99.40
2003 08 31    5.0e+05  1.2e+04  2.6e+03   3.4e+10    2.4e+08            99.80
2003 09 01    4.3e+05  1.1e+04  2.5e+03   7.7e+09    3.0e+07           100.30
2003 09 02    1.3e+06  1.2e+04  2.6e+03   8.7e+09    5.4e+07           100.20
2003 09 03    4.0e+05  1.1e+04  2.7e+03   6.6e+09    1.9e+07           100.30
2003 09 04    6.1e+05  1.2e+04  2.5e+03   5.3e+09    1.1e+07            99.60
2003 09 05    1.2e+06  1.1e+04  2.5e+03   3.1e+10    1.2e+08            99.70
2003 09 06    1.0e+06  1.1e+04  2.5e+03   5.4e+10    3.0e+08           100.10
2003 09 07    9.2e+05  1.1e+04  2.6e+03   5.8e+10    3.6e+08           100.00
2003 09 08    1.7e+06  1.2e+04  2.7e+03   5.4e+10    4.5e+08           100.40
2003 09 09    6.5e+05  1.1e+04  2.5e+03   7.5e+09    1.7e+07            99.80
2003 09 10    5.0e+05  1.1e+04  2.7e+03   1.0e+10    2.1e+07            99.70
2003 09 11    6.9e+05  1.1e+04  2.6e+03   3.2e+10    1.4e+08            99.80
2003 09 12    8.4e+05  1.1e+04  2.5e+03   3.5e+10    1.7e+08            99.50
2003 09 13    8.1e+05  1.1e+04  2.6e+03   3.9e+10    2.1e+08            99.90
2003 09 14    5.7e+05  1.1e+04  2.6e+03   3.0e+10    1.7e+08           100.00
2003 09 15    1.0e+06  1.2e+04  2.6e+03   3.1e+10    2.6e+08           100.30
2003 09 16    2.0e+06  1.1e+04  2.6e+03   1.4e+09    1.6e+06            99.50
2003 09 17    6.2e+06  1.3e+04  2.5e+03   1.3e+10    5.5e+07            99.00
2003 09 18    1.2e+07  1.2e+04  2.5e+03   3.2e+10    3.5e+08           100.00
2003 09 19    6.8e+06  1.3e+04  2.5e+03   4.5e+10    6.5e+08           100.20
2003 09 20    7.1e+06  1.2e+04  2.8e+03   6.6e+10    1.3e+09           100.10
2003 09 21    1.5e+06  1.1e+04  2.7e+03   5.0e+10    8.7e+08           100.30
2003 09 22    1.4e+06  1.2e+04  2.9e+03   4.2e+10    6.8e+08           100.60
2003 09 23    8.5e+05  1.3e+04  3.0e+03   3.0e+10    3.7e+08           101.30
2003 09 24    1.4e+06  1.3e+04  2.8e+03   1.1e+10    9.7e+07           101.00
2003 09 25    3.4e+06  1.3e+04  2.9e+03   1.7e+10    1.2e+08           100.50
2003 09 26    1.8e+06  1.2e+04  2.8e+03   5.1e+10    4.5e+08            97.50
2003 09 27    1.6e+06  1.2e+04  2.7e+03   6.0e+10    8.3e+08           100.90
2003 09 28    1.9e+06  1.3e+04  2.8e+03   6.3e+10    8.9e+08           100.50
2003 09 29    1.6e+06  1.3e+04  2.8e+03   5.0e+10    7.0e+08            -1.00
2003 09 30    1.1e+06  1.3e+04  2.7e+03   1.9e+10    1.6e+08           100.00
2003 10 01    6.2e+05  1.2e+04  2.7e+03   1.7e+09    6.7e+06           100.00
2003 10 02    1.5e+05  1.3e+04  2.9e+03   5.5e+08    1.6e+06           100.80
2003 10 03    3.1e+05  1.2e+04  2.7e+03   3.8e+09    6.9e+06           100.20
2003 10 04    3.4e+05  1.2e+04  2.6e+03   1.1e+10    8.2e+06            -1.00
2003 10 05    8.0e+05  1.3e+04  2.8e+03   1.4e+10    1.4e+07           100.30
2003 10 06    3.0e+05  1.2e+04  2.6e+03   7.0e+08    1.1e+06            98.60
2003 10 07    8.2e+05  1.1e+04  2.3e+03   7.4e+09    5.7e+06            98.30
2003 10 08    4.6e+05  1.1e+04  2.3e+03   1.6e+10    1.1e+07            98.70
2003 10 09    3.9e+05  1.1e+04  2.5e+03   1.9e+10    2.0e+07            98.50
2003 10 10    3.8e+05  1.2e+04  2.4e+03   1.8e+10    2.3e+07            99.40
2003 10 11    2.8e+05  1.2e+04  2.5e+03   1.7e+10    2.3e+07           100.00
2003 10 12    4.9e+05  1.2e+04  2.6e+03   1.6e+10    3.0e+07           100.20
2003 10 13    3.8e+05  1.2e+04  2.7e+03   1.7e+09    1.9e+06           100.00
2003 10 14    2.3e+06  1.2e+04  2.6e+03   2.7e+09    1.9e+06            -1.00
2003 10 15    1.3e+07  1.2e+04  2.5e+03   2.5e+10    1.3e+08            99.40
2003 10 16    3.3e+06  1.1e+04  2.7e+03   5.1e+10    6.8e+08            99.60
2003 10 17    2.6e+06  1.2e+04  2.7e+03   4.1e+10    5.0e+08           100.40
2003 10 18    1.1e+06  1.2e+04  2.6e+03   3.2e+10    3.6e+08           100.70
2003 10 19    4.3e+06  1.3e+04  2.8e+03   2.7e+10    3.1e+08           100.40
2003 10 20    1.9e+06  1.2e+04  2.7e+03   2.5e+10    2.3e+08           100.80
2003 10 21    5.0e+06  1.3e+04  2.7e+03   1.9e+10    1.4e+08            99.90
2003 10 22    6.3e+06  2.2e+04  2.1e+03   2.0e+10    1.9e+08            95.60
2003 10 23    7.5e+06  6.4e+04  2.1e+03   1.5e+10    1.2e+08            97.50
2003 10 24    1.1e+08  6.5e+04  2.1e+03   1.2e+10    1.4e+08            97.90
2003 10 25    4.9e+06  1.9e+04  1.9e+03   1.7e+09    5.3e+06            95.10
2003 10 26    1.7e+07  4.7e+06  8.8e+03   5.7e+09    1.1e+07            96.30
2003 10 27    5.0e+07  9.6e+06  1.9e+04   5.0e+09    1.2e+07            98.30
2003 10 28    2.8e+08  1.8e+08  5.2e+06   8.7e+09    4.8e+06           100.70
2003 10 29    3.0e+09  7.7e+08  4.2e+06   2.1e+09    4.7e+06            88.60
2003 10 30    7.7e+08  1.4e+08  2.6e+06   7.9e+09    1.9e+07            81.80
2003 10 31    9.8e+07  7.0e+06  2.2e+04   1.6e+09    3.4e+06            81.30
2003 11 01    1.6e+07  7.6e+05  2.5e+03   3.6e+10    1.5e+08            84.30
2003 11 02    3.1e+07  1.5e+07  5.0e+05   4.7e+10    4.3e+08            89.00
2003 11 03    3.6e+08  8.9e+07  2.2e+05   2.9e+10    2.2e+08            93.40
2003 11 04    4.3e+08  1.0e+07  1.7e+04   8.3e+09    7.0e+07            95.00
2003 11 05    9.3e+07  1.2e+07  4.7e+04   8.9e+08    3.9e+06            97.20
2003 11 06    4.9e+07  3.7e+06  8.6e+03   5.0e+09    2.2e+06            99.30
2003 11 07    1.3e+07  8.1e+05  3.4e+03   5.6e+09    4.3e+06            97.10
2003 11 08    8.7e+06  3.5e+05  3.6e+03   5.4e+09    6.0e+06            98.80
2003 11 09    1.3e+07  1.5e+05  3.7e+03   9.6e+09    1.4e+07           102.20
2003 11 10    2.0e+06  1.1e+05  3.2e+03   1.7e+10    5.6e+07           103.50
2003 11 11    2.1e+07  8.9e+04  3.1e+03   1.4e+10    5.4e+07           102.30
2003 11 12    1.5e+07  5.9e+04  3.1e+03   4.7e+10    4.4e+08           101.10
2003 11 13    2.0e+07  5.2e+04  3.0e+03   4.3e+10    5.0e+08           100.60
2003 11 14    8.1e+06  4.3e+04  2.6e+03   2.6e+10    2.4e+08           100.90
2003 11 15    1.5e+07  3.1e+04  2.3e+03   2.6e+10    2.4e+08            99.20
2003 11 16    1.5e+07  1.7e+04  2.0e+03   4.3e+10    4.6e+08            97.00
2003 11 17    7.9e+06  1.1e+04  1.8e+03   4.5e+10    5.7e+08            97.10
2003 11 18    1.2e+07  1.9e+04  1.9e+03   5.4e+10    5.8e+08            98.90
2003 11 19    8.0e+06  2.3e+04  1.9e+03   6.4e+10    7.7e+08           101.00
2003 11 20    1.6e+07  1.5e+05  2.3e+03   1.0e+10    9.6e+07            99.20
2003 11 21    2.3e+07  3.2e+05  1.9e+03   5.2e+09    1.7e+06            98.20
2003 11 22    2.8e+07  7.3e+05  2.0e+03   1.1e+10    5.8e+06            99.30
2003 11 23    2.0e+07  5.4e+05  1.8e+03   1.7e+10    3.3e+07            98.30
2003 11 24    1.3e+07  2.4e+05  1.7e+03   2.6e+10    7.1e+07            98.30
2003 11 25    4.4e+06  3.1e+04  1.7e+03   2.4e+10    8.7e+07            99.40
2003 11 26    1.0e+06  1.2e+04  2.1e+03   3.1e+10    1.2e+08           100.50
2003 11 27    7.0e+05  1.1e+04  2.3e+03   4.1e+10    2.2e+08           101.10
2003 11 28    1.3e+06  1.1e+04  2.3e+03   3.8e+10    2.1e+08           102.00
2003 11 29    1.1e+06  1.2e+04  2.8e+03   2.7e+10    1.4e+08           102.50
2003 11 30    9.4e+05  1.2e+04  2.7e+03   1.4e+10    7.1e+07           102.00
2003 12 01    3.1e+05  1.2e+04  2.9e+03   1.3e+10    1.5e+07           101.50
2003 12 02    4.0e+06  5.8e+05  3.2e+03   1.7e+10    2.4e+07           101.50
2003 12 03    2.8e+07  1.5e+06  3.6e+03   1.4e+10    2.6e+07           101.50
2003 12 04    1.6e+07  2.9e+05  3.4e+03   1.6e+10    4.0e+07           101.50
2003 12 05    9.5e+06  8.7e+04  3.3e+03   5.2e+09    6.2e+06           101.60
2003 12 06    3.7e+06  2.4e+04  3.2e+03   1.6e+10    5.9e+07           102.00
2003 12 07    1.3e+06  1.5e+04  3.6e+03   2.3e+10    1.0e+08           101.20
2003 12 08    1.4e+06  1.3e+04  3.4e+03   7.2e+09    2.3e+07           100.90
2003 12 09    8.3e+06  1.3e+04  3.5e+03   4.0e+10    3.2e+08           100.30
2003 12 10    8.7e+06  1.2e+04  3.0e+03   3.9e+10    3.5e+08            99.50
2003 12 11    9.9e+06  1.2e+04  3.4e+03   5.7e+10    6.2e+08            99.90
2003 12 12    5.1e+06  1.2e+04  3.4e+03   5.8e+10    6.3e+08           100.30
2003 12 13    7.2e+06  1.3e+04  3.4e+03   4.9e+10    5.7e+08           100.20
2003 12 14    6.2e+06  1.3e+04  3.6e+03   5.9e+10    7.1e+08           100.40
2003 12 15    6.3e+06  1.3e+04  3.6e+03   6.0e+10    8.4e+08           100.40
2003 12 16    2.4e+06  1.1e+04  2.5e+03   7.0e+10    9.0e+08           101.20
2003 12 17    2.4e+06  1.2e+04  2.6e+03   6.6e+10    1.0e+09           101.30
2003 12 18    2.9e+06  1.2e+04  2.9e+03   7.2e+10    1.3e+09           101.50
2003 12 19    4.4e+06  1.3e+04  3.0e+03   6.3e+10    1.2e+09           101.50
2003 12 20    4.7e+06  1.3e+04  2.8e+03   1.7e+10    2.3e+08           100.80
2003 12 21    7.1e+05  1.2e+04  2.8e+03   6.7e+09    1.5e+07           100.40
2003 12 22    1.2e+06  1.2e+04  2.7e+03   1.5e+10    2.9e+07            99.80
2003 12 23    8.1e+05  1.1e+04  2.8e+03   2.4e+10    4.4e+07            99.50
2003 12 24    5.2e+05  1.2e+04  2.7e+03   3.1e+10    7.8e+07            99.60
2003 12 25    5.7e+05  1.2e+04  2.8e+03   2.3e+10    6.5e+07           100.40
2003 12 26    4.7e+05  1.1e+04  2.6e+03   1.4e+10    2.8e+07           100.60
2003 12 27    5.7e+05  1.1e+04  2.6e+03   1.1e+10    1.7e+07           100.70
2003 12 28    3.4e+05  1.1e+04  2.5e+03   5.0e+09    1.1e+07           100.10
2003 12 29    3.5e+05  1.1e+04  2.4e+03   1.8e+10    1.4e+07            99.80
2003 12 30    3.8e+05  1.2e+04  2.7e+03   1.0e+10    1.0e+07           100.30
2003 12 31    8.8e+05  1.3e+04  2.9e+03   4.6e+09    4.5e+06           100.80
