:Product: Daily Particle Data        2008_DPD.txt
:Issued: 1800 UT 07 Jan 2009
#
#  Prepared by the U.S. Dept. of Commerce, NOAA, Space Weather Prediction Center
#  Please send comments and suggestions to SWPC.Webmaster@noaa.gov
#   NOTE: Electron Fluence from GOES-11 Jan 1 - Mar 2 and Dec 1 - Dec 31
#                          2008 Daily Particle Data
#
#              GOES-11 Proton Fluence     GOES-12 Electron Fluence     Neutron
#            --- Protons/cm2-day-sr ---  -- Electrons/cm2-day-sr --    Monitor
#  Date       >1 MeV  >10 MeV  >100 MeV  >0.6 MeV   >2 MeV           % of bkgd
#-------------------------------------------------------------------------------
2008 01 01    2.0e+06  2.0e+04  4.4e+03   5.8e+09    2.5e+07           100.06
2008 01 02    2.8e+06  1.9e+04  4.5e+03   6.2e+09    4.2e+07           100.21
2008 01 03    1.9e+06  1.9e+04  4.8e+03   5.6e+09    4.0e+07            99.80
2008 01 04    2.9e+06  1.8e+04  4.3e+03   5.1e+09    4.1e+07            99.60
2008 01 05    3.4e+06  1.9e+04  4.1e+03   1.7e+09    4.2e+06            99.30
2008 01 06    5.8e+06  1.7e+04  3.8e+03   2.1e+10    2.3e+07            99.20
2008 01 07    2.1e+06  1.6e+04  3.5e+03   6.4e+10    3.2e+08            99.30
2008 01 08    1.6e+06  1.6e+04  3.2e+03   7.8e+10    5.6e+08            99.10
2008 01 09    1.0e+06  1.5e+04  3.3e+03   7.9e+10    7.5e+08            99.50
2008 01 10    9.5e+05  1.7e+04  3.3e+03   8.0e+10    7.9e+08            99.70
2008 01 11    8.8e+05  1.6e+04  3.4e+03   7.6e+10    7.7e+08           100.26
2008 01 12    1.5e+06  1.8e+04  3.6e+03   5.1e+10    5.5e+08           100.16
2008 01 13    1.2e+06  1.7e+04  3.6e+03   5.1e+09    1.2e+07            99.50
2008 01 14    5.8e+06  1.7e+04  3.7e+03   2.3e+10    3.5e+07            99.90
2008 01 15    3.4e+06  1.7e+04  3.7e+03   4.0e+10    1.4e+08           100.00
2008 01 16    3.7e+06  1.8e+04  3.8e+03   4.7e+10    2.3e+08           100.04
2008 01 17    5.3e+06  1.8e+04  3.8e+03   4.3e+10    2.9e+08           100.01
2008 01 18    3.5e+06  1.7e+04  3.9e+03   3.1e+10    1.5e+08           100.12
2008 01 19    5.7e+06  1.7e+04  3.8e+03   4.5e+10    2.8e+08           100.18
2008 01 20    3.1e+06  1.8e+04  3.9e+03   4.7e+10    2.3e+08            99.90
2008 01 21    2.3e+06  1.8e+04  4.2e+03   4.6e+10    2.6e+08            99.90
2008 01 22    2.3e+06  1.8e+04  4.1e+03   4.8e+10    3.2e+08           100.00
2008 01 23    3.0e+06  1.9e+04  4.2e+03   4.1e+10    3.3e+08           100.19
2008 01 24    2.9e+06  1.8e+04  4.0e+03   2.6e+10    1.8e+08            99.80
2008 01 25    2.1e+06  1.8e+04  4.1e+03   1.2e+10    5.4e+07           100.21
2008 01 26    1.7e+06  1.8e+04  4.3e+03   1.4e+10    5.8e+07           100.38
2008 01 27    2.7e+06  1.9e+04  4.0e+03   1.7e+10    7.3e+07           100.10
2008 01 28    2.1e+06  2.0e+04  4.6e+03   1.2e+10    6.2e+07           100.34
2008 01 29    1.8e+06  1.8e+04  4.4e+03   9.5e+09    4.3e+07            99.90
2008 01 30    1.8e+06  1.9e+04  4.4e+03   8.9e+09    4.5e+07            99.90
2008 01 31    2.8e+06  1.9e+04  4.7e+03   8.5e+09    5.7e+07            99.70
2008 02 01    2.6e+06  1.9e+04  4.4e+03   3.5e+09    5.5e+06            99.50
2008 02 02    2.1e+06  1.9e+04  4.5e+03   3.5e+10    8.0e+07            99.80
2008 02 03    9.2e+06  1.7e+04  3.7e+03   6.3e+10    4.1e+08            99.90
2008 02 04    1.1e+06  1.6e+04  3.7e+03   7.5e+10    6.5e+08           100.13
2008 02 05    8.7e+05  1.6e+04  3.7e+03   8.6e+10    9.7e+08            99.30
2008 02 06    1.0e+06  1.6e+04  3.9e+03   7.5e+10    9.1e+08            99.80
2008 02 07    1.3e+06  1.7e+04  3.7e+03   1.4e+10    7.6e+07            99.90
2008 02 08    9.8e+05  1.7e+04  3.7e+03   1.2e+10    7.3e+07            98.80
2008 02 09    1.9e+06  1.6e+04  3.7e+03   1.0e+10    8.1e+07            99.60
2008 02 10    2.6e+06  1.6e+04  3.5e+03   3.6e+09    5.0e+06            99.30
2008 02 11    8.4e+06  1.6e+04  3.3e+03   3.1e+10    1.1e+08            99.70
2008 02 12    3.8e+06  1.6e+04  3.3e+03   4.6e+10    2.2e+08            99.40
2008 02 13    2.8e+06  1.7e+04  3.8e+03   4.5e+10    2.7e+08            99.80
2008 02 14    3.1e+06  1.7e+04  3.8e+03   3.4e+10    2.2e+08           100.14
2008 02 15    5.5e+06  1.7e+04  3.7e+03   3.8e+10    2.1e+08            99.90
2008 02 16    2.2e+06  1.7e+04  3.7e+03   5.3e+10    3.0e+08           100.15
2008 02 17    2.5e+06  1.7e+04  3.9e+03   5.5e+10    3.7e+08           100.07
2008 02 18    4.1e+06  1.7e+04  3.7e+03   2.6e+10    1.5e+08            99.80
2008 02 19    2.0e+06  1.7e+04  3.8e+03   2.2e+10    7.6e+07           100.00
2008 02 20    1.7e+06  1.7e+04  3.7e+03   2.8e+10    1.2e+08            99.80
2008 02 21    3.7e+06  1.8e+04  4.0e+03   2.9e+10    1.1e+08           100.17
2008 02 22    4.1e+06  1.8e+04  4.1e+03   2.3e+10    1.0e+08            91.50
2008 02 23    2.9e+06  1.8e+04  3.9e+03   2.3e+10    1.2e+08            98.40
2008 02 24    2.6e+06  1.9e+04  4.4e+03   2.3e+10    1.3e+08            96.90
2008 02 25    2.3e+06  1.8e+04  4.1e+03   1.9e+10    1.2e+08            99.70
2008 02 26    2.5e+06  1.8e+04  4.0e+03   1.6e+10    1.0e+08            99.00
2008 02 27    2.6e+06  1.8e+04  4.4e+03   1.1e+10    7.1e+07            99.80
2008 02 28    3.3e+06  1.8e+04  4.2e+03   2.9e+09    4.4e+06            94.40
2008 02 29    1.8e+07  1.8e+04  3.8e+03   2.7e+10    1.1e+08            99.50
2008 03 01    6.5e+06  1.6e+04  3.7e+03   7.3e+10    7.5e+08            98.70
2008 03 02    2.3e+06  1.7e+04  4.2e+03   1.1e+11    1.8e+09            99.80
2008 03 03    1.5e+06  1.7e+04  3.9e+03   1.0e+11    1.9e+09            99.40
2008 03 04    1.9e+06  1.8e+04  4.1e+03   9.5e+10    2.0e+09           100.01
2008 03 05    3.0e+06  1.8e+04  3.8e+03   3.2e+10    3.6e+08           100.00
2008 03 06    2.5e+06  1.8e+04  3.9e+03   1.1e+10    5.1e+07           100.09
2008 03 07    2.4e+06  1.8e+04  3.9e+03   1.7e+10    8.4e+07           100.14
2008 03 08    2.0e+06  1.8e+04  3.7e+03   6.5e+09    3.8e+07            99.70
2008 03 09    1.2e+06  1.7e+04  3.4e+03   4.9e+09    1.8e+06            99.40
2008 03 10    1.5e+06  1.7e+04  3.5e+03   4.2e+10    1.4e+08            99.50
2008 03 11    7.4e+06  1.8e+04  3.6e+03   4.6e+10    2.5e+08            99.90
2008 03 12    5.1e+06  1.7e+04  3.4e+03   5.8e+10    4.1e+08           100.02
2008 03 13    1.5e+07  1.7e+04  3.6e+03   6.0e+10    6.0e+08           100.00
2008 03 14    9.6e+06  1.8e+04  3.9e+03   5.0e+10    4.9e+08           100.23
2008 03 15    1.0e+07  1.8e+04  4.1e+03   4.1e+10    4.2e+08           100.29
2008 03 16    3.0e+06  1.8e+04  4.1e+03   4.6e+10    4.3e+08            99.90
2008 03 17    3.5e+06  1.8e+04  4.2e+03   4.1e+10    4.0e+08            99.60
2008 03 18    3.1e+06  1.8e+04  4.1e+03   2.2e+10    1.4e+08            99.80
2008 03 19    2.8e+06  1.6e+04  3.8e+03   1.8e+10    1.2e+08           100.27
2008 03 20    3.5e+06  1.7e+04  4.1e+03   8.4e+09    4.0e+07           100.08
2008 03 21    1.7e+06  1.8e+04  4.2e+03   9.3e+09    3.6e+07           100.00
2008 03 22    1.2e+06  1.8e+04  4.3e+03   8.4e+09    4.1e+07           100.00
2008 03 23    1.0e+06  1.8e+04  4.1e+03   6.2e+09    2.8e+07            99.70
2008 03 24    6.2e+05  1.8e+04  3.7e+03   6.1e+09    3.0e+07            99.80
2008 03 25    1.2e+06  1.8e+04  4.1e+03   7.0e+09    6.0e+07           100.00
2008 03 26    3.6e+06  1.8e+04  4.0e+03   2.6e+09    6.6e+06            99.80
2008 03 27    4.5e+06  1.7e+04  3.9e+03   1.8e+10    5.7e+07            99.70
2008 03 28    1.4e+07  1.7e+04  3.8e+03   6.7e+10    1.2e+09            99.50
2008 03 29    3.4e+06  1.7e+04  3.7e+03   9.0e+10    1.8e+09            99.50
2008 03 30    1.3e+06  1.6e+04  3.8e+03   7.9e+10    1.5e+09            99.20
2008 03 31    1.3e+06  1.7e+04  4.0e+03   8.8e+10    1.8e+09            99.80
2008 04 01    1.3e+06  1.6e+04  3.7e+03   6.0e+10    1.0e+09            99.70
2008 04 02    1.7e+06  1.7e+04  4.0e+03   6.7e+10    1.6e+09           100.00
2008 04 03    2.2e+06  1.8e+04  4.0e+03   6.4e+10    1.7e+09           100.06
2008 04 04    2.7e+06  1.8e+04  4.0e+03   4.2e+10    8.9e+08            99.90
2008 04 05    9.1e+06  1.8e+04  3.7e+03   7.2e+09    1.7e+07            99.80
2008 04 06    1.7e+06  1.7e+04  3.6e+03   1.8e+10    3.6e+07            99.90
2008 04 07    8.0e+06  1.7e+04  3.8e+03   4.8e+10    2.5e+08           100.28
2008 04 08    5.7e+06  1.7e+04  3.4e+03   4.8e+10    3.2e+08           100.28
2008 04 09    3.8e+06  1.7e+04  3.7e+03   5.4e+10    4.0e+08           100.22
2008 04 10    2.7e+06  1.7e+04  3.6e+03   6.8e+10    6.4e+08           100.07
2008 04 11    2.1e+06  1.7e+04  3.9e+03   6.9e+10    6.2e+08            99.80
2008 04 12    4.0e+06  1.8e+04  3.9e+03   4.1e+10    3.4e+08           100.23
2008 04 13    3.6e+06  1.7e+04  4.1e+03   4.0e+10    3.6e+08           100.19
2008 04 14    2.8e+06  1.8e+04  4.0e+03   3.7e+10    3.4e+08           100.36
2008 04 15    4.0e+06  1.8e+04  4.4e+03   3.4e+10    3.6e+08           100.44
2008 04 16    1.7e+06  1.8e+04  4.5e+03   3.1e+09    9.4e+06            99.70
2008 04 17    6.4e+05  1.8e+04  4.4e+03   1.3e+10    1.2e+07            99.60
2008 04 18    6.5e+05  1.8e+04  4.3e+03   1.2e+10    1.5e+07           100.13
2008 04 19    8.7e+05  1.7e+04  4.3e+03   1.4e+10    2.7e+07           100.12
2008 04 20    1.0e+06  1.8e+04  4.3e+03   1.2e+10    3.0e+07           100.20
2008 04 21    7.3e+05  1.8e+04  4.6e+03   7.0e+09    2.1e+07           100.19
2008 04 22    1.1e+06  1.9e+04  4.7e+03   7.0e+09    2.5e+07           100.25
2008 04 23    1.1e+07  1.8e+04  3.8e+03   1.0e+10    1.3e+07            99.70
2008 04 24    2.8e+06  1.7e+04  3.6e+03   4.6e+10    3.0e+08            99.40
2008 04 25    1.3e+06  1.7e+04  3.7e+03   7.2e+10    7.8e+08            99.50
2008 04 26    1.5e+06  1.7e+04  3.9e+03   7.2e+10    1.1e+09            99.90
2008 04 27    1.1e+06  1.7e+04  3.9e+03   4.2e+10    5.0e+08           100.01
2008 04 28    2.5e+06  1.7e+04  3.8e+03   3.7e+10    3.7e+08           100.07
2008 04 29    6.7e+05  1.7e+04  3.9e+03   3.7e+10    2.3e+08           100.00
2008 04 30    1.2e+06  1.7e+04  3.9e+03   3.5e+10    2.5e+08            99.90
2008 05 01    1.3e+06  1.7e+04  3.7e+03   1.0e+10    1.4e+08            99.70
2008 05 02    3.4e+06  1.7e+04  3.8e+03   1.3e+10    3.6e+07            99.60
2008 05 03    2.2e+06  1.6e+04  3.5e+03   9.5e+09    2.3e+07            99.70
2008 05 04    1.3e+06  1.7e+04  3.7e+03   1.0e+10    2.6e+07            99.60
2008 05 05    1.7e+06  1.7e+04  3.6e+03   1.7e+10    4.2e+07           100.18
2008 05 06    2.2e+06  1.7e+04  3.6e+03   3.9e+10    1.5e+08           100.21
2008 05 07    2.2e+06  1.7e+04  3.5e+03   4.5e+10    1.9e+08           100.00
2008 05 08    1.8e+06  1.7e+04  3.8e+03   3.9e+10    1.9e+08           100.20
2008 05 09    2.3e+06  1.7e+04  3.8e+03   4.0e+10    2.1e+08           100.61
2008 05 10    2.3e+06  1.8e+04  4.1e+03   2.9e+10    1.9e+08           100.52
2008 05 11    1.9e+06  1.8e+04  4.1e+03   2.0e+10    1.0e+08           100.57
2008 05 12    1.7e+06  1.8e+04  3.8e+03   1.7e+10    9.4e+07           100.63
2008 05 13    1.9e+06  1.7e+04  3.9e+03   1.1e+10    5.2e+07           100.50
2008 05 14    2.1e+06  1.8e+04  4.3e+03   9.8e+09    5.0e+07           100.21
2008 05 15    2.4e+06  2.0e+04  4.1e+03   8.0e+09    4.3e+07            99.70
2008 05 16    1.6e+06  1.8e+04  4.0e+03   5.5e+09    2.2e+07           100.12
2008 05 17    1.5e+06  1.8e+04  4.3e+03   6.3e+09    2.8e+07           100.37
2008 05 18    2.0e+06  1.9e+04  4.5e+03   5.5e+09    2.9e+07           100.24
2008 05 19    1.6e+06  1.9e+04  4.4e+03   1.8e+09    5.6e+06           100.18
2008 05 20    1.3e+06  1.8e+04  4.5e+03   1.3e+09    3.1e+06            99.80
2008 05 21    1.2e+06  1.8e+04  4.1e+03   8.8e+09    3.0e+06            99.50
2008 05 22    1.7e+06  1.8e+04  4.0e+03   2.2e+10    2.3e+07            99.40
2008 05 23    1.5e+06  1.7e+04  3.6e+03   3.0e+10    5.0e+07            99.50
2008 05 24    1.3e+06  1.7e+04  3.4e+03   2.8e+10    7.0e+07            99.80
2008 05 25    1.1e+06  1.6e+04  3.5e+03   3.8e+10    1.4e+08           100.00
2008 05 26    8.4e+05  1.7e+04  3.7e+03   3.7e+10    1.3e+08            99.90
2008 05 27    1.1e+06  1.7e+04  3.9e+03   3.3e+10    1.2e+08           100.00
2008 05 28    1.0e+06  1.7e+04  4.0e+03   5.8e+09    6.4e+06            99.80
2008 05 29    7.5e+05  1.7e+04  3.7e+03   1.0e+10    1.1e+07            99.70
2008 05 30    3.7e+06  1.7e+04  3.5e+03   8.6e+09    9.1e+06            99.30
2008 05 31    3.2e+06  1.6e+04  3.4e+03   1.3e+10    1.3e+07            99.70
2008 06 01    1.6e+06  1.7e+04  3.6e+03   1.5e+10    1.5e+07            99.30
2008 06 02    2.1e+06  1.7e+04  3.6e+03   1.9e+10    2.1e+07           100.09
2008 06 03    2.7e+06  1.7e+04  3.7e+03   2.1e+10    3.0e+07            99.70
2008 06 04    2.1e+06  1.7e+04  3.9e+03   1.8e+10    2.7e+07           100.12
2008 06 05    2.0e+06  1.8e+04  4.1e+03   1.7e+10    3.1e+07           100.48
2008 06 06    1.9e+06  1.8e+04  4.0e+03   8.6e+09    1.1e+07           100.18
2008 06 07    1.3e+06  1.7e+04  4.1e+03   2.3e+09    2.1e+06           100.11
2008 06 08    1.0e+06  1.7e+04  4.0e+03   1.3e+10    6.7e+06           100.08
2008 06 09    1.2e+06  1.8e+04  4.1e+03   2.4e+10    1.5e+07            99.60
2008 06 10    1.6e+06  1.7e+04  4.1e+03   2.5e+10    2.0e+07            99.70
2008 06 11    1.7e+06  1.7e+04  4.0e+03   1.9e+10    1.6e+07           100.06
2008 06 12    1.9e+06  1.8e+04  4.0e+03   1.8e+10    1.8e+07           100.03
2008 06 13    2.2e+06  1.8e+04  4.3e+03   1.6e+10    1.6e+07           100.26
2008 06 14    3.2e+06  1.8e+04  4.0e+03   1.1e+10    1.2e+07           100.08
2008 06 15    1.9e+06  1.7e+04  3.9e+03   1.6e+10    1.3e+07            99.50
2008 06 16    3.2e+06  1.7e+04  3.6e+03   3.5e+10    9.6e+07            99.10
2008 06 17    1.6e+06  1.6e+04  3.6e+03   5.4e+10    2.7e+08            99.70
2008 06 18    3.8e+06  1.7e+04  3.6e+03   6.1e+10    4.3e+08            99.80
2008 06 19    3.4e+06  1.7e+04  3.7e+03   6.2e+10    4.8e+08           100.00
2008 06 20    1.1e+06  1.7e+04  3.8e+03   1.0e+10    3.7e+07            99.90
2008 06 21    5.8e+05  1.7e+04  3.7e+03   1.5e+10    4.3e+07           100.11
2008 06 22    5.7e+05  1.8e+04  4.0e+03   1.7e+10    6.0e+07           100.00
2008 06 23    6.0e+05  1.8e+04  4.3e+03   1.7e+10    7.3e+07           100.50
2008 06 24    9.9e+05  1.8e+04  4.3e+03   1.6e+10    8.3e+07           100.44
2008 06 25    4.3e+05  1.8e+04  4.7e+03   3.5e+08    1.4e+06            98.00
2008 06 26    1.2e+06  1.7e+04  3.9e+03   9.8e+09    4.8e+06            99.20
2008 06 27    1.2e+06  1.8e+04  4.1e+03   2.7e+10    3.6e+07            96.70
2008 06 28    1.0e+06  1.7e+04  4.2e+03   2.6e+10    3.8e+07            99.90
2008 06 29    1.1e+06  1.8e+04  4.1e+03   2.2e+10    4.2e+07            94.70
2008 06 30    5.9e+05  1.8e+04  4.0e+03   1.2e+10    1.8e+07           100.21
2008 07 01    7.2e+05  1.7e+04  4.1e+03   1.6e+10    3.1e+07            94.80
2008 07 02    8.5e+05  1.7e+04  4.0e+03   1.6e+10    3.2e+07            99.80
2008 07 03    1.4e+06  1.8e+04  3.8e+03   1.7e+10    3.8e+07            95.20
2008 07 04    1.8e+06  1.9e+04  4.2e+03   1.3e+10    2.7e+07           100.23
2008 07 05    1.4e+06  1.8e+04  4.0e+03   5.0e+09    6.6e+06            97.00
2008 07 06    8.3e+05  1.7e+04  4.3e+03   3.2e+09    4.2e+06           100.14
2008 07 07    8.2e+05  1.8e+04  4.2e+03   2.9e+09    4.8e+06            95.20
2008 07 08    1.1e+06  1.9e+04  4.3e+03   2.5e+09    5.4e+06           100.00
2008 07 09    1.2e+06  1.8e+04  4.6e+03   2.5e+09    5.9e+06            96.50
2008 07 10    9.8e+05  1.8e+04  4.3e+03   2.1e+09    4.7e+06           100.01
2008 07 11    1.6e+06  1.9e+04  4.3e+03   9.6e+08    2.0e+06            94.50
2008 07 12    2.2e+06  1.7e+04  3.9e+03   1.1e+10    4.3e+06            99.80
2008 07 13    2.2e+06  1.6e+04  3.5e+03   3.2e+10    7.8e+07            99.00
2008 07 14    2.1e+06  1.7e+04  3.6e+03   5.3e+10    3.2e+08            95.60
2008 07 15    3.3e+06  1.6e+04  3.6e+03   6.0e+10    4.4e+08            99.20
2008 07 16    3.2e+06  1.7e+04  3.7e+03   5.8e+10    4.5e+08            95.30
2008 07 17    2.5e+06  1.7e+04  3.8e+03   5.3e+10    4.2e+08            97.20
2008 07 18    2.2e+06  1.7e+04  3.9e+03   5.1e+10    4.2e+08            98.20
2008 07 19    2.5e+06  1.8e+04  3.9e+03   5.0e+10    4.5e+08            99.60
2008 07 20    3.3e+06  1.7e+04  4.1e+03   4.3e+10    3.9e+08            97.60
2008 07 21    2.5e+06  1.8e+04  4.0e+03   1.6e+10    6.4e+07           100.13
2008 07 22    2.4e+06  1.8e+04  3.9e+03   6.5e+09    2.2e+07            94.60
2008 07 23    4.4e+06  1.7e+04  3.9e+03   2.2e+10    4.5e+07            99.10
2008 07 24    2.2e+06  1.7e+04  3.9e+03   6.3e+10    4.0e+08            98.60
2008 07 25    2.8e+06  1.7e+04  3.8e+03   7.9e+10    6.4e+08           100.00
2008 07 26    1.9e+06  1.8e+04  4.1e+03   6.1e+10    3.5e+08            99.10
2008 07 27    2.1e+06  1.7e+04  4.1e+03   4.7e+10    2.5e+08            99.80
2008 07 28    1.2e+06  1.8e+04  4.3e+03   9.3e+09    1.9e+07            98.30
2008 07 29    1.6e+06  1.9e+04  4.5e+03   1.3e+10    3.1e+07           100.32
2008 07 30    1.4e+06  1.8e+04  4.3e+03   1.0e+10    3.2e+07            94.60
2008 07 31    1.5e+06  1.9e+04  4.5e+03   9.1e+09    3.4e+07           100.24
2008 08 01    1.4e+06  1.9e+04  4.1e+03   8.0e+09    2.5e+07            99.70
2008 08 02    1.4e+06  1.9e+04  4.3e+03   7.9e+09    2.7e+07           100.00
2008 08 03    1.7e+06  2.0e+04  4.2e+03   7.7e+09    2.9e+07           100.18
2008 08 04    1.4e+06  1.8e+04  4.2e+03   5.0e+09    1.5e+07           100.03
2008 08 05    1.9e+06  1.9e+04  4.3e+03   4.6e+09    1.7e+07           100.10
2008 08 06    1.5e+06  1.9e+04  4.2e+03   3.6e+09    1.4e+07           100.06
2008 08 07    1.2e+06  1.9e+04  4.2e+03   3.6e+09    1.2e+07           100.00
2008 08 08    1.6e+06  1.9e+04  4.3e+03   3.0e+09    1.3e+07           100.21
2008 08 09    2.0e+06  1.8e+04  4.1e+03   7.2e+08    2.3e+06            99.80
2008 08 10    1.3e+06  1.9e+04  3.9e+03   2.3e+10    1.8e+07            99.70
2008 08 11    9.0e+05  1.7e+04  3.7e+03   6.1e+10    1.9e+08            99.80
2008 08 12    1.3e+06  1.7e+04  3.6e+03   7.3e+10    4.0e+08            99.90
2008 08 13    1.3e+06  1.6e+04  3.6e+03   7.6e+10    5.7e+08            99.80
2008 08 14    1.7e+06  1.8e+04  3.8e+03   2.2e+10    7.2e+07           100.11
2008 08 15    2.3e+06  1.7e+04  3.8e+03   1.7e+10    5.4e+07            99.90
2008 08 16    3.2e+06  1.8e+04  3.9e+03   1.3e+10    4.1e+07           100.35
2008 08 17    1.1e+06  1.8e+04  3.8e+03   3.6e+09    4.5e+06           100.11
2008 08 18    2.5e+06  1.8e+04  3.8e+03   9.2e+09    1.1e+07            99.50
2008 08 19    9.7e+05  1.7e+04  3.9e+03   3.6e+10    1.2e+08            99.80
2008 08 20    8.9e+05  1.8e+04  4.1e+03   5.1e+10    2.0e+08            99.90
2008 08 21    8.3e+05  1.9e+04  3.9e+03   4.4e+10    1.6e+08           100.14
2008 08 22    8.3e+05  1.9e+04  4.1e+03   4.0e+10    1.6e+08           100.19
2008 08 23    1.1e+06  1.9e+04  4.1e+03   3.8e+10    1.8e+08            99.80
2008 08 24    9.9e+05  1.8e+04  4.4e+03   2.7e+10    9.6e+07           100.11
2008 08 25    9.8e+05  1.9e+04  4.5e+03   2.4e+10    7.5e+07           100.09
2008 08 26    1.3e+06  1.9e+04  4.5e+03   2.3e+10    7.7e+07            99.90
2008 08 27    1.0e+06  1.9e+04  4.5e+03   9.8e+09    1.6e+07            99.90
2008 08 28    9.2e+05  1.9e+04  4.6e+03   8.1e+09    1.3e+07            98.00
2008 08 29    9.4e+05  2.0e+04  4.5e+03   6.8e+09    1.2e+07           100.07
2008 08 30    8.3e+05  2.0e+04  4.5e+03   6.6e+09    1.3e+07            99.90
2008 08 31    9.3e+05  1.9e+04  4.4e+03   5.7e+09    1.5e+07           100.17
2008 09 01    9.4e+05  1.8e+04  4.1e+03   3.7e+09    9.4e+06           100.23
2008 09 02    7.8e+05  1.9e+04  4.3e+03   2.5e+09    7.3e+06            99.40
2008 09 03    1.3e+06  1.8e+04  4.0e+03   6.5e+08    1.9e+06            99.50
2008 09 04    3.3e+06  1.8e+04  3.9e+03   1.6e+10    2.0e+07            99.30
2008 09 05    1.2e+06  1.7e+04  3.9e+03   5.1e+10    1.4e+08            99.80
2008 09 06    1.1e+06  1.7e+04  3.8e+03   3.8e+10    1.4e+08            99.90
2008 09 07    1.3e+06  1.7e+04  3.9e+03   2.2e+10    6.2e+07            99.50
2008 09 08    2.2e+06  1.7e+04  3.9e+03   3.6e+10    1.6e+08           100.07
2008 09 09    1.8e+06  1.8e+04  3.8e+03   5.7e+10    3.6e+08           100.05
2008 09 10    1.3e+06  1.8e+04  4.1e+03   3.6e+10    1.7e+08           100.00
2008 09 11    1.6e+06  1.8e+04  4.3e+03   3.5e+10    1.8e+08           100.12
2008 09 12    1.4e+06  1.9e+04  4.3e+03   3.2e+10    1.7e+08           100.19
2008 09 13    2.3e+06  1.8e+04  4.3e+03   3.1e+10    1.9e+08           100.05
2008 09 14    2.9e+06  1.9e+04  4.2e+03   2.0e+10    1.0e+08           100.09
2008 09 15    1.3e+06  1.9e+04  4.2e+03   6.2e+09    3.0e+06            99.60
2008 09 16    1.3e+06  1.9e+04  4.2e+03   3.8e+10    7.3e+07            99.70
2008 09 17    1.2e+06  1.7e+04  4.0e+03   6.1e+10    2.4e+08           100.00
2008 09 18    7.8e+05  1.8e+04  4.1e+03   1.5e+10    2.6e+07           100.31
2008 09 19    7.4e+05  1.9e+04  4.5e+03   7.9e+09    1.4e+07            99.60
2008 09 20    6.2e+05  1.8e+04  4.1e+03   7.7e+09    1.0e+07           100.12
2008 09 21    8.8e+05  1.7e+04  4.2e+03   8.0e+09    1.4e+07            99.60
2008 09 22    3.4e+05  1.8e+04  4.4e+03   1.2e+09    2.9e+06            99.90
2008 09 23    3.2e+05  1.9e+04  4.4e+03   1.3e+09    3.2e+06            99.80
2008 09 24    3.6e+05  1.9e+04  4.2e+03   1.4e+09    3.5e+06           100.01
2008 09 25    6.7e+05  1.9e+04  4.4e+03   1.5e+09    4.5e+06           100.02
2008 09 26    4.1e+05  1.9e+04  4.3e+03   5.9e+08    1.3e+06           100.00
2008 09 27    5.0e+05  1.9e+04  4.2e+03   6.7e+08    1.7e+06           100.09
2008 09 28    4.2e+05  1.8e+04  4.2e+03   7.5e+08    2.1e+06            99.90
2008 09 29    3.5e+05  1.9e+04  4.4e+03   5.9e+08    1.7e+06            99.80
2008 09 30    7.8e+05  1.9e+04  4.0e+03   5.3e+08    1.9e+06           100.04
2008 10 01    6.0e+05  1.8e+04  3.9e+03   3.6e+08    2.4e+05            99.70
2008 10 02    2.5e+06  1.8e+04  3.9e+03   1.3e+10    5.3e+06            99.40
2008 10 03    4.2e+06  1.8e+04  3.5e+03   6.0e+10    3.6e+08            99.60
2008 10 04    1.4e+06  1.8e+04  3.6e+03   6.5e+10    5.3e+08            99.80
2008 10 05    1.1e+06  1.8e+04  3.9e+03   6.7e+10    5.1e+08           100.00
2008 10 06    1.1e+06  1.8e+04  3.9e+03   6.7e+10    5.5e+08            89.20
2008 10 07    9.9e+05  1.8e+04  3.9e+03   6.3e+10    5.3e+08           100.03
2008 10 08    1.2e+06  1.9e+04  4.1e+03   5.9e+10    5.2e+08           100.05
2008 10 09    1.2e+06  1.9e+04  4.1e+03   5.3e+10    4.4e+08           100.30
2008 10 10    1.3e+06  1.9e+04  4.5e+03   4.1e+10    2.9e+08           100.37
2008 10 11    4.0e+06  1.9e+04  4.2e+03   1.0e+10    2.6e+07            99.90
2008 10 12    2.5e+06  1.8e+04  4.0e+03   5.5e+10    2.8e+08            99.90
2008 10 13    1.3e+06  1.8e+04  4.0e+03   8.8e+10    8.1e+08           100.01
2008 10 14    1.1e+06  1.9e+04  4.1e+03   9.5e+10    1.0e+09           100.00
2008 10 15    6.3e+05  1.9e+04  4.2e+03   6.2e+10    4.8e+08            99.90
2008 10 16    5.8e+05  1.9e+04  4.1e+03   5.2e+10    3.7e+08            99.80
2008 10 17    9.3e+05  1.9e+04  4.4e+03   4.6e+10    3.1e+08           100.10
2008 10 18    1.6e+06  1.8e+04  4.4e+03   4.5e+10    2.9e+08           100.01
2008 10 19    1.2e+06  2.0e+04  4.2e+03   2.6e+10    1.1e+08           100.06
2008 10 20    8.1e+05  1.9e+04  4.1e+03   8.8e+09    1.2e+07            99.90
2008 10 21    6.4e+05  1.8e+04  4.1e+03   7.7e+09    1.3e+07            99.90
2008 10 22    8.1e+05  1.9e+04  4.1e+03   7.0e+09    1.3e+07            99.80
2008 10 23    6.9e+05  1.8e+04  4.2e+03   4.4e+09    5.2e+06            99.70
2008 10 24    6.5e+05  1.9e+04  4.0e+03   4.3e+09    5.9e+06           100.00
2008 10 25    8.9e+05  2.0e+04  4.5e+03   4.5e+09    8.1e+06           100.18
2008 10 26    5.7e+05  1.9e+04  4.3e+03   2.1e+09    2.7e+06            99.90
2008 10 27    5.5e+05  1.9e+04  4.2e+03   1.4e+09    8.4e+05           100.11
2008 10 28    1.3e+06  1.9e+04  4.2e+03   1.2e+09    1.2e+06            99.60
2008 10 29    1.4e+06  1.8e+04  3.8e+03   5.3e+09    1.3e+06            99.50
2008 10 30    3.2e+06  1.8e+04  3.9e+03   4.0e+10    1.5e+08            99.90
2008 10 31    1.7e+06  1.7e+04  3.6e+03   6.5e+10    2.9e+08            99.80
2008 11 01    1.7e+06  1.7e+04  4.1e+03   5.6e+10    2.4e+08            99.90
2008 11 02    1.5e+06  1.8e+04  3.8e+03   4.5e+10    1.7e+08           100.26
2008 11 03    1.5e+06  1.8e+04  3.8e+03   3.4e+10    1.3e+08           100.22
2008 11 04    1.6e+06  1.9e+04  4.4e+03   3.1e+10    1.2e+08           100.15
2008 11 05    1.8e+06  1.9e+04  4.3e+03   2.9e+10    1.2e+08           100.00
2008 11 06    3.2e+06  1.9e+04  4.4e+03   2.9e+10    1.4e+08           100.11
2008 11 07    1.9e+06  1.8e+04  4.0e+03   4.0e+09    9.2e+06            99.80
2008 11 08    3.7e+06  1.8e+04  4.0e+03   1.9e+10    2.4e+07            99.20
2008 11 09    1.2e+06  1.9e+04  4.2e+03   4.7e+10    1.2e+08            99.90
2008 11 10    5.9e+05  1.8e+04  4.1e+03   6.1e+10    2.3e+08           100.21
2008 11 11    6.5e+05  1.9e+04  4.6e+03   6.1e+10    2.7e+08           100.12
2008 11 12    7.0e+05  1.9e+04  4.3e+03   5.0e+10    2.0e+08           100.24
2008 11 13    8.0e+05  1.9e+04  4.5e+03   4.3e+10    1.6e+08           100.16
2008 11 14    1.3e+06  1.9e+04  4.4e+03   4.1e+10    1.7e+08           100.11
2008 11 15    1.7e+06  1.9e+04  4.3e+03   3.1e+10    1.0e+08           100.20
2008 11 16    5.7e+05  1.9e+04  4.3e+03   2.6e+09    2.4e+06            99.90
2008 11 17    4.0e+05  1.9e+04  4.4e+03   4.4e+09    1.4e+06            99.40
2008 11 18    5.1e+05  1.9e+04  4.6e+03   5.1e+09    1.8e+06            99.90
2008 11 19    5.0e+05  1.9e+04  4.2e+03   4.4e+09    1.6e+06           100.03
2008 11 20    6.9e+05  2.0e+04  4.4e+03   4.0e+09    1.9e+06           100.14
2008 11 21    6.4e+05  1.9e+04  4.3e+03   3.3e+09    2.0e+06           100.12
2008 11 22    9.2e+05  1.9e+04  4.5e+03   3.3e+09    2.0e+06           100.22
2008 11 23    4.9e+05  2.0e+04  4.1e+03   1.9e+09    1.4e+06            99.90
2008 11 24    7.8e+05  1.9e+04  4.3e+03   2.0e+09    1.8e+06           100.00
2008 11 25    1.2e+06  1.9e+04  4.2e+03   6.3e+08    4.0e+05            99.40
2008 11 26    1.0e+06  1.8e+04  4.0e+03   5.7e+09    4.2e+05            99.60
2008 11 27    4.7e+05  1.7e+04  3.9e+03   1.2e+10    2.1e+06            99.90
2008 11 28    7.4e+05  1.8e+04  4.0e+03   1.8e+10    7.4e+06            99.90
2008 11 29    6.3e+05  1.9e+04  4.1e+03   1.1e+10    3.7e+06           100.16
2008 11 30    9.2e+05  1.9e+04  4.3e+03   1.0e+10    3.9e+06           100.01
2008 12 01    1.0e+06  2.0e+04  4.5e+03   8.9e+09    3.7e+06           100.00
2008 12 02    1.7e+06  2.0e+04  4.4e+03   9.4e+09    5.4e+06           100.37
2008 12 03    1.5e+06  1.9e+04  4.4e+03   5.7e+09    3.3e+06            99.90
2008 12 04    6.7e+05  1.9e+04  4.6e+03   9.7e+08    7.5e+04            99.90
2008 12 05    1.9e+06  1.9e+04  4.3e+03   4.3e+09    6.5e+05            99.90
2008 12 06    3.9e+06  1.8e+04  4.0e+03   2.8e+10    6.3e+07            99.50
2008 12 07    2.0e+06  1.7e+04  3.8e+03   5.2e+10    1.3e+08           100.05
2008 12 08    2.4e+06  1.8e+04  4.1e+03   4.9e+10    1.3e+08           100.15
2008 12 09    3.2e+06  1.9e+04  4.2e+03   4.5e+10    1.2e+08           100.41
2008 12 10    4.1e+06  1.9e+04  4.4e+03   3.8e+10    1.0e+08           100.02
2008 12 11    2.7e+06  2.0e+04  4.5e+03   2.5e+10    4.4e+07           100.00
2008 12 12    3.0e+06  1.9e+04  4.3e+03   2.2e+10    3.9e+07            99.80
2008 12 13    2.2e+06  1.9e+04  4.1e+03   1.8e+10    2.7e+07            99.90
2008 12 14    2.3e+06  1.9e+04  4.3e+03   1.6e+10    2.8e+07           100.05
2008 12 15    2.7e+06  1.9e+04  4.4e+03   1.4e+10    3.0e+07           100.00
2008 12 16    3.9e+06  2.0e+04  4.2e+03   1.0e+10    1.9e+07           100.25
2008 12 17    1.8e+06  1.8e+04  4.2e+03   3.9e+09    3.6e+06            99.40
2008 12 18    1.5e+06  1.9e+04  4.1e+03   3.6e+09    4.3e+06            99.60
2008 12 19    1.4e+06  1.9e+04  4.1e+03   2.9e+09    3.6e+06           100.05
2008 12 20    1.1e+06  1.9e+04  4.2e+03   1.5e+09    1.7e+06           100.00
2008 12 21    1.1e+06  2.0e+04  4.1e+03   1.4e+09    1.4e+06           100.20
2008 12 22    1.7e+06  1.9e+04  4.3e+03   1.0e+09    1.4e+06           100.26
2008 12 23    1.3e+06  1.9e+04  4.1e+03   1.5e+09    3.8e+05            99.30
2008 12 24    7.7e+05  1.9e+04  4.2e+03   1.7e+10    4.2e+06           100.07
2008 12 25    5.3e+05  1.8e+04  4.2e+03   1.4e+10    4.2e+06            99.90
2008 12 26    6.9e+05  1.9e+04  4.4e+03   1.3e+10    5.0e+06           100.14
2008 12 27    8.1e+05  1.9e+04  4.3e+03   1.1e+10    4.8e+06           100.15
2008 12 28    9.3e+05  2.0e+04  4.4e+03   8.4e+09    3.9e+06            99.90
2008 12 29    7.8e+05  1.9e+04  4.4e+03   6.6e+09    2.9e+06            99.90
2008 12 30    1.8e+06  2.0e+04  4.7e+03   7.0e+09    4.6e+06           100.08
2008 12 31    1.5e+06  1.8e+04  3.9e+03   2.5e+09    5.4e+05            65.70
