:Product: Daily Particle Data        2014_DPD.txt
:Issued: 1500 UT 30 Jan 2015
#
#  Prepared by the U.S. Dept. of Commerce, NOAA, Space Weather Prediction Center
#  Please send comments and suggestions to SWPC.Webmaster@noaa.gov
#
#                         2014 Daily Particle Data
#
#              GOES-13 Proton Fluence     GOES-13 Electron Fluence     Neutron
#            --- Protons/cm2-day-sr ---  -- Electrons/cm2-day-sr --    Monitor
#  Date       >1 MeV  >10 MeV  >100 MeV  >0.8 MeV   >2 MeV           % of bkgd
#-------------------------------------------------------------------------------
2014 01 01    4.8e+05  1.2e+04  2.2e+03   3.5e+07    5.5e+05          -999.99
2014 01 02    7.0e+05  1.0e+04  2.3e+03   1.8e+09    2.3e+07          -999.99
2014 01 03    3.4e+05  1.1e+04  2.3e+03   2.7e+09    3.5e+07          -999.99
2014 01 04    6.6e+05  1.0e+04  2.5e+03   1.8e+09    3.7e+07          -999.99
2014 01 05    2.1e+06  3.4e+04  2.6e+03   1.9e+09    3.8e+07          -999.99
2014 01 06    5.4e+06  1.8e+06  9.4e+04   1.9e+09    3.9e+07          -999.99
2014 01 07    2.1e+07  2.6e+06  6.1e+04   1.6e+09    4.1e+07          -999.99
2014 01 08    1.4e+08  6.9e+07  1.2e+05   4.3e+08    1.7e+07          -999.99
2014 01 09    3.7e+08  4.0e+07  9.2e+03   7.0e+08    9.9e+07          -999.99
2014 01 10    9.3e+07  6.1e+06  2.1e+03   6.8e+08    2.3e+07          -999.99
2014 01 11    2.8e+07  1.3e+06  2.6e+03   6.4e+08    1.1e+07          -999.99
2014 01 12    1.4e+07  6.1e+05  2.6e+03   5.8e+08    8.2e+06          -999.99
2014 01 13    4.3e+06  1.6e+05  2.4e+03   9.3e+08    8.2e+06          -999.99
2014 01 14    2.7e+06  3.4e+04  2.7e+03   1.1e+09    7.9e+06          -999.99
2014 01 15    3.9e+05  1.4e+04  2.5e+03   2.2e+09    1.2e+07          -999.99
2014 01 16    5.4e+05  1.3e+04  2.5e+03   2.5e+09    1.9e+07          -999.99
2014 01 17    8.7e+05  1.2e+04  2.5e+03   2.2e+09    1.8e+07          -999.99
2014 01 18    6.6e+05  1.1e+04  2.6e+03   1.9e+09    1.5e+07          -999.99
2014 01 19    7.2e+05  1.1e+04  2.5e+03   1.6e+09    1.5e+07          -999.99
2014 01 20    1.0e+06  1.1e+04  2.6e+03   1.2e+09    1.1e+07          -999.99
2014 01 21    1.6e+06  1.2e+04  2.6e+03   2.9e+08    2.9e+06          -999.99
2014 01 22    4.0e+05  1.1e+04  2.2e+03   4.0e+08    1.6e+06          -999.99
2014 01 23    1.8e+05  1.1e+04  2.4e+03   1.0e+09    2.5e+06          -999.99
2014 01 24    2.6e+05  1.1e+04  2.6e+03   1.1e+09    4.3e+06          -999.99
2014 01 25    1.3e+05  1.0e+04  2.3e+03   3.1e+08    1.5e+06          -999.99
2014 01 26    1.6e+05  1.0e+04  2.5e+03   3.5e+08    1.8e+06          -999.99
2014 01 27    2.6e+05  9.8e+03  2.3e+03   2.7e+08    1.5e+06          -999.99
2014 01 28    1.1e+05  9.6e+03  2.3e+03   2.4e+08    1.2e+06          -999.99
2014 01 29    9.0e+04  1.1e+04  2.7e+03   5.2e+08    1.4e+06          -999.99
2014 01 30    1.3e+05  1.1e+04  3.0e+03   5.8e+08    1.3e+06          -999.99
2014 01 31    3.4e+05  1.1e+04  2.7e+03   4.7e+08    1.4e+06          -999.99
2014 02 01    3.2e+05  1.1e+04  2.5e+03   1.9e+08    4.7e+05          -999.99
2014 02 02    4.4e+05  1.0e+04  2.4e+03   1.3e+08    2.8e+05          -999.99
2014 02 03    4.5e+05  1.0e+04  2.2e+03   8.9e+07    1.2e+05          -999.99
2014 02 04    5.1e+05  1.0e+04  2.5e+03   8.4e+07    1.4e+05          -999.99
2014 02 05    1.8e+05  1.0e+04  2.4e+03   1.3e+08    8.8e+04          -999.99
2014 02 06    2.1e+05  1.0e+04  2.5e+03   5.0e+08    3.8e+05          -999.99
2014 02 07    3.5e+05  9.8e+03  2.3e+03   9.6e+07    6.5e+04          -999.99
2014 02 08    4.6e+05  1.0e+04  2.5e+03   1.4e+09    1.2e+07          -999.99
2014 02 09    1.4e+05  1.0e+04  2.6e+03   2.6e+09    3.6e+07          -999.99
2014 02 10    1.6e+05  1.0e+04  2.5e+03   2.5e+09    3.9e+07          -999.99
2014 02 11    1.5e+05  1.1e+04  2.3e+03   1.8e+09    2.8e+07          -999.99
2014 02 12    2.8e+05  1.1e+04  2.5e+03   3.2e+09    7.6e+07          -999.99
2014 02 13    4.5e+05  1.2e+04  2.6e+03   2.7e+09    5.8e+07          -999.99
2014 02 14    2.6e+06  1.2e+04  2.4e+03   1.9e+09    4.1e+07          -999.99
2014 02 15    3.9e+05  9.3e+03  2.1e+03   6.5e+07    1.3e+05          -999.99
2014 02 16    1.3e+05  1.0e+04  2.5e+03   2.0e+08    2.0e+05          -999.99
2014 02 17    1.6e+06  2.5e+04  2.5e+03   4.1e+08    4.7e+05          -999.99
2014 02 18    1.7e+07  9.0e+04  2.6e+03   3.6e+08    1.0e+06          -999.99
2014 02 19    3.0e+07  3.3e+05  4.8e+03   3.6e+08    2.1e+06          -999.99
2014 02 20    1.7e+06  2.2e+04  2.2e+03   2.6e+09    4.1e+07          -999.99
2014 02 21    4.7e+05  1.2e+04  2.3e+03   2.2e+09    5.8e+07          -999.99
2014 02 22    5.4e+05  1.0e+04  2.5e+03   1.8e+09    5.1e+07          -999.99
2014 02 23    1.1e+05  1.0e+04  2.4e+03   2.4e+08    4.9e+06          -999.99
2014 02 24    1.2e+06  6.9e+05  4.7e+04   4.3e+08    6.4e+06          -999.99
2014 02 25    3.7e+06  1.7e+06  4.2e+04   7.0e+08    1.4e+07          -999.99
2014 02 26    2.2e+07  2.7e+06  2.0e+04   3.0e+08    1.0e+07          -999.99
2014 02 27    9.4e+07  6.4e+06  7.9e+03   1.4e+08    1.4e+07          -999.99
2014 02 28    7.0e+07  4.1e+06  2.2e+03   2.9e+08    1.1e+07          -999.99
2014 03 01    2.6e+07  1.5e+06  2.5e+03   1.1e+09    7.2e+06          -999.99
2014 03 02    1.7e+07  5.8e+05  2.5e+03   7.1e+08    3.6e+06          -999.99
2014 03 03    7.1e+06  2.3e+05  2.3e+03   7.5e+08    3.2e+06          -999.99
2014 03 04    2.2e+06  8.2e+04  2.4e+03   8.5e+08    4.4e+06          -999.99
2014 03 05    1.3e+06  3.7e+04  2.4e+03   9.2e+08    4.5e+06          -999.99
2014 03 06    1.4e+06  2.2e+04  2.5e+03   1.3e+09    6.6e+06          -999.99
2014 03 07    1.3e+06  1.8e+04  2.5e+03   1.1e+09    6.1e+06          -999.99
2014 03 08    1.3e+06  1.5e+04  2.7e+03   1.1e+09    6.5e+06          -999.99
2014 03 09    9.7e+05  1.2e+04  2.4e+03   6.6e+08    3.8e+06          -999.99
2014 03 10    7.6e+05  1.2e+04  2.6e+03   4.8e+08    2.6e+06          -999.99
2014 03 11    4.7e+05  1.1e+04  2.4e+03   3.0e+08    1.1e+06          -999.99
2014 03 12    9.5e+04  1.0e+04  2.2e+03   6.7e+07    2.7e+04          -999.99
2014 03 13    6.1e+04  1.0e+04  2.3e+03   2.2e+08    3.9e+04          -999.99
2014 03 14    5.3e+04  1.0e+04  2.4e+03   3.2e+08    8.5e+04          -999.99
2014 03 15    5.5e+04  1.0e+04  2.3e+03   3.1e+08    1.5e+05          -999.99
2014 03 16    1.1e+05  1.0e+04  2.5e+03   3.1e+08    2.4e+05          -999.99
2014 03 17    4.0e+04  1.0e+04  2.4e+03   1.0e+08    4.9e+04          -999.99
2014 03 18    3.7e+04  1.0e+04  2.4e+03   5.3e+07    3.5e+04          -999.99
2014 03 19    7.9e+04  9.9e+03  2.4e+03   7.4e+07    5.7e+04          -999.99
2014 03 20    1.0e+05  1.0e+04  2.4e+03   7.2e+07    3.5e+04          -999.99
2014 03 21    1.6e+05  1.0e+04  2.3e+03   1.5e+08    6.2e+04          -999.99
2014 03 22    1.1e+05  9.9e+03  2.4e+03   1.5e+08    6.1e+04          -999.99
2014 03 23    2.2e+05  1.2e+04  2.4e+03   2.0e+08    1.2e+05          -999.99
2014 03 24    8.4e+06  3.7e+04  2.3e+03   1.5e+08    2.2e+05          -999.99
2014 03 25    6.9e+06  2.0e+04  2.2e+03   6.1e+07    5.6e+04          -999.99
2014 03 26    1.1e+06  1.1e+04  2.4e+03   1.4e+08    3.5e+04          -999.99
2014 03 27    2.1e+05  9.9e+03  2.3e+03   2.4e+08    9.9e+04          -999.99
2014 03 28    2.4e+05  3.7e+04  2.8e+03   5.7e+08    1.0e+06          -999.99
2014 03 29    2.8e+05  3.4e+04  2.8e+03   3.5e+08    9.0e+05          -999.99
2014 03 30    2.3e+05  1.4e+04  2.4e+03   2.9e+08    7.2e+05          -999.99
2014 04 01    1.3e+05  1.0e+04  2.5e+03   1.2e+08    1.2e+05          -999.99
2014 04 02    1.1e+05  1.0e+04  2.5e+03   1.4e+08    1.8e+05          -999.99
2014 04 03    1.4e+05  1.2e+04  2.5e+03   1.6e+08    2.9e+05          -999.99
2014 04 04    5.6e+05  1.7e+04  2.5e+03   1.5e+08    3.5e+05          -999.99
2014 04 05    4.2e+06  3.3e+04  2.4e+03   1.2e+08    2.6e+05          -999.99
2014 04 06    3.0e+06  5.6e+04  2.2e+03   2.7e+07    1.2e+05          -999.99
2014 04 07    3.7e+06  3.8e+04  2.4e+03   4.2e+07    9.9e+04          -999.99
2014 04 08    2.1e+06  2.7e+04  2.4e+03   1.3e+08    7.9e+04          -999.99
2014 04 09    6.6e+05  1.5e+04  2.3e+03   3.1e+08    9.2e+04          -999.99
2014 04 10    2.5e+05  1.2e+04  2.3e+03   7.3e+08    4.5e+05          -999.99
2014 04 11    3.3e+05  1.1e+04  2.5e+03   4.1e+08    3.4e+05          -999.99
2014 04 12    2.6e+05  1.0e+04  2.5e+03   3.1e+07    3.0e+04          -999.99
2014 04 13    1.6e+05  1.0e+04  2.6e+03   3.3e+08    4.6e+05          -999.99
2014 04 14    1.5e+05  1.1e+04  2.7e+03   9.0e+08    2.8e+06          -999.99
2014 04 15    7.0e+04  1.0e+04  2.5e+03   1.5e+09    1.0e+07          -999.99
2014 04 16    9.9e+04  1.1e+04  2.6e+03   1.7e+09    1.9e+07          -999.99
2014 04 17    4.9e+04  9.9e+03  2.4e+03   2.5e+08    1.4e+06          -999.99
2014 04 18    2.5e+06  8.1e+05  1.3e+04   1.3e+08    1.5e+06          -999.99
2014 04 19    7.3e+07  3.3e+06  5.1e+03   2.1e+08    1.0e+07          -999.99
2014 04 20    1.8e+08  1.2e+06  2.5e+03   1.4e+08    5.7e+06          -999.99
2014 04 21    5.5e+06  3.6e+04  2.1e+03   3.1e+08    7.4e+05          -999.99
2014 04 22    6.9e+05  1.3e+04  2.5e+03   4.1e+08    1.0e+06          -999.99
2014 04 23    3.4e+05  1.1e+04  2.4e+03   5.8e+08    2.3e+06          -999.99
2014 04 24    3.9e+05  1.0e+04  2.4e+03   1.0e+09    5.1e+06          -999.99
2014 04 25    2.8e+05  1.2e+04  2.6e+03   2.8e+09    4.0e+07          -999.99
2014 04 26    1.9e+05  1.1e+04  2.3e+03   4.1e+09    9.5e+07          -999.99
2014 04 27    1.4e+05  1.0e+04  2.5e+03   3.5e+09    1.1e+08          -999.99
2014 04 28    1.4e+05  1.1e+04  2.6e+03   1.7e+09    3.2e+07          -999.99
2014 04 29    2.1e+05  1.0e+04  2.8e+03   9.7e+08    2.2e+07          -999.99
2014 04 30    6.8e+04  1.1e+04  2.6e+03   7.1e+07    4.8e+04          -999.99
2014 05 01    7.2e+04  1.1e+04  2.8e+03   4.9e+08    5.0e+05          -999.99
2014 05 02    8.3e+04  1.0e+04  2.5e+03   8.0e+08    2.2e+06          -999.99
2014 05 03    1.6e+05  1.0e+04  2.6e+03   8.1e+08    3.6e+06          -999.99
2014 05 04    4.4e+04  1.0e+04  2.3e+03   3.0e+07    3.0e+04          -999.99
2014 05 05    4.7e+04  1.0e+04  2.4e+03   1.5e+08    5.8e+04          -999.99
2014 05 06    7.0e+04  1.0e+04  2.5e+03   4.1e+08    3.3e+05          -999.99
2014 05 07    6.9e+04  1.3e+04  2.5e+03   4.0e+08    4.5e+05          -999.99
2014 05 08    5.4e+05  2.5e+04  2.5e+03   1.2e+08    7.5e+04          -999.99
2014 05 09    3.4e+05  2.0e+04  2.9e+03   8.5e+07    1.0e+05          -999.99
2014 05 10    3.7e+05  1.6e+04  2.7e+03   3.4e+08    3.8e+05          -999.99
2014 05 11    1.7e+05  1.1e+04  2.5e+03   3.6e+08    9.7e+05          -999.99
2014 05 12    8.1e+04  1.1e+04  2.6e+03   9.1e+08    5.2e+06          -999.99
2014 05 13    1.4e+05  1.0e+04  2.8e+03   1.1e+09    1.2e+07          -999.99
2014 05 14    1.2e+05  1.1e+04  2.6e+03   1.0e+09    1.3e+07          -999.99
2014 05 15    1.3e+05  1.1e+04  2.7e+03   8.7e+08    9.5e+06          -999.99
2014 05 16    1.1e+05  1.1e+04  2.4e+03   5.4e+08    3.1e+06          -999.99
2014 05 17    5.4e+04  1.0e+04  2.4e+03   3.8e+08    1.5e+06          -999.99
2014 05 18    9.1e+04  1.0e+04  2.5e+03   3.2e+08    1.7e+06          -999.99
2014 05 19    6.4e+04  1.0e+04  2.6e+03   2.6e+08    1.3e+06          -999.99
2014 05 20    6.1e+04  1.0e+04  2.5e+03   2.0e+08    1.0e+06          -999.99
2014 05 21    8.9e+04  1.0e+04  2.5e+03   1.7e+08    1.2e+06          -999.99
2014 05 22    2.6e+05  1.0e+04  2.4e+03   1.1e+08    8.5e+05          -999.99
2014 05 23    1.9e+05  9.4e+03  2.2e+03   6.5e+07    2.1e+05          -999.99
2014 05 24    2.3e+05  1.0e+04  2.3e+03   1.2e+09    2.1e+06          -999.99
2014 05 25    2.6e+05  1.1e+04  2.4e+03   2.4e+09    8.9e+06          -999.99
2014 05 26    1.8e+05  1.1e+04  2.7e+03   2.0e+09    7.7e+06          -999.99
2014 05 27    6.5e+05  1.0e+04  2.5e+03   2.2e+09    1.4e+07          -999.99
2014 05 28    5.0e+05  1.0e+04  2.3e+03   9.4e+08    2.3e+06          -999.99
2014 05 29    1.0e+05  1.0e+04  2.4e+03   3.3e+08    6.1e+05          -999.99
2014 05 30    1.5e+05  1.0e+04  2.5e+03   6.2e+07    1.2e+05          -999.99
2014 05 31    2.6e+05  1.0e+04  2.4e+03   1.2e+08    2.1e+05          -999.99
2014 06 01    2.6e+05  1.0e+04  2.5e+03   1.0e+08    1.8e+05          -999.99
2014 06 02    2.9e+05  1.0e+04  2.7e+03   1.0e+08    2.1e+05          -999.99
2014 06 03    8.8e+04  1.0e+04  2.7e+03   1.8e+07    4.8e+04          -999.99
2014 06 04    8.9e+04  1.1e+04  2.8e+03   2.5e+07    3.0e+04          -999.99
2014 06 05    8.8e+04  1.0e+04  2.5e+03   3.5e+07    3.4e+04          -999.99
2014 06 06    8.4e+05  1.2e+04  2.6e+03   2.3e+07    3.3e+04          -999.99
2014 06 07    3.6e+06  1.2e+04  2.5e+03   4.7e+07    4.2e+04          -999.99
2014 06 08    1.2e+06  9.7e+03  2.3e+03   2.1e+07    2.6e+04          -999.99
2014 06 09    1.2e+05  1.0e+04  2.6e+03   3.5e+08    4.6e+04          -999.99
2014 06 10    1.4e+05  1.0e+04  2.7e+03   1.5e+09    1.7e+06          -999.99
2014 06 11    3.6e+05  1.1e+04  2.6e+03   1.2e+09    2.3e+06          -999.99
2014 06 12    3.2e+05  1.0e+04  2.5e+03   1.6e+09    6.4e+06          -999.99
2014 06 13    1.5e+06  1.9e+04  2.7e+03   1.5e+09    9.5e+06          -999.99
2014 06 14    5.4e+05  1.2e+04  2.5e+03   4.7e+08    7.5e+05          -999.99
2014 06 15    2.3e+05  1.1e+04  2.5e+03   2.6e+08    4.2e+05          -999.99
2014 06 16    2.1e+05  1.0e+04  2.3e+03   2.1e+08    3.6e+05          -999.99
2014 06 17    2.4e+05  1.0e+04  2.2e+03   8.1e+07    1.7e+05          -999.99
2014 06 18    4.0e+05  1.0e+04  2.2e+03   2.2e+08    1.5e+05          -999.99
2014 06 19    1.2e+05  9.4e+03  2.2e+03   7.6e+08    7.0e+05          -999.99
2014 06 20    2.7e+05  9.8e+03  2.3e+03   1.7e+09    1.4e+07          -999.99
2014 06 21    5.5e+04  9.6e+03  2.4e+03   8.8e+08    3.4e+06          -999.99
2014 06 22    5.6e+04  9.9e+03  2.3e+03   8.4e+08    6.2e+06          -999.99
2014 06 23    5.9e+04  9.5e+03  2.3e+03   8.5e+08    7.8e+06          -999.99
2014 06 24    7.2e+04  9.8e+03  2.5e+03   3.2e+08    1.6e+06          -999.99
2014 06 25    1.2e+05  1.0e+04  2.5e+03   2.6e+08    1.2e+06          -999.99
2014 06 26    6.9e+04  1.0e+04  2.4e+03   2.3e+08    9.4e+05          -999.99
2014 06 27    8.5e+04  1.0e+04  2.5e+03   1.9e+08    1.2e+06          -999.99
2014 06 28    7.1e+04  1.0e+04  2.5e+03   1.8e+08    1.0e+06          -999.99
2014 06 29    6.7e+04  1.0e+04  2.4e+03   1.5e+08    1.1e+06          -999.99
2014 06 30    5.9e+04  1.0e+04  2.5e+03   7.7e+07    1.3e+05          -999.99
2014 07 01    4.5e+04  1.0e+04  2.5e+03   7.4e+07    1.9e+05          -999.99
2014 07 02    6.3e+04  1.0e+04  2.6e+03   7.8e+07    3.2e+05          -999.99
2014 07 03    7.7e+04  1.0e+04  2.4e+03   8.7e+07    2.4e+05          -999.99
2014 07 04    7.6e+04  9.9e+03  2.5e+03   1.8e+08    1.8e+05          -999.99
2014 07 05    8.5e+04  1.0e+04  2.5e+03   2.7e+08    2.6e+05          -999.99
2014 07 06    8.8e+04  1.0e+04  2.6e+03   2.4e+08    2.7e+05          -999.99
2014 07 07    8.5e+04  1.1e+04  2.5e+03   6.9e+07    7.5e+04          -999.99
2014 07 08    1.6e+05  1.0e+04  2.6e+03   6.6e+07    1.1e+05          -999.99
2014 07 09    1.5e+05  1.1e+04  2.5e+03   5.7e+07    6.1e+04          -999.99
2014 07 10    7.9e+04  1.2e+04  2.6e+03   1.2e+08    5.4e+04          -999.99
2014 07 11    1.1e+05  1.3e+04  2.5e+03   3.8e+08    1.5e+05          -999.99
2014 07 12    2.0e+05  1.3e+04  2.5e+03   1.7e+08    7.3e+04          -999.99
2014 07 13    1.5e+05  1.1e+04  2.6e+03   3.7e+08    1.5e+05          -999.99
2014 07 14    2.6e+05  1.0e+04  2.4e+03   6.5e+08    4.7e+05          -999.99
2014 07 15    8.7e+04  9.3e+03  2.3e+03   2.4e+08    1.1e+05          -999.99
2014 07 16    7.2e+04  1.0e+04  2.4e+03   4.4e+08    3.8e+05          -999.99
2014 07 17    7.7e+04  9.9e+03  2.4e+03   4.7e+08    5.0e+05          -999.99
2014 07 18    6.3e+04  1.0e+04  2.5e+03   3.9e+08    4.3e+05          -999.99
2014 07 19    9.1e+04  1.0e+04  2.5e+03   3.8e+08    5.9e+05          -999.99
2014 07 20    1.7e+05  1.0e+04  2.6e+03   3.8e+08    8.0e+05          -999.99
2014 07 21    1.2e+05  1.0e+04  2.6e+03   2.1e+08    2.0e+05          -999.99
2014 07 22    6.5e+04  1.0e+04  2.6e+03   2.9e+07    3.2e+04          -999.99
2014 07 23    9.8e+04  1.1e+04  2.6e+03   4.0e+07    7.5e+04          -999.99
2014 07 24    7.7e+04  1.0e+04  2.5e+03   3.2e+07    4.0e+04          -999.99
2014 07 25    6.9e+04  1.0e+04  2.6e+03   3.0e+07    3.3e+04          -999.99
2014 07 26    3.5e+04  1.0e+04  2.6e+03   1.4e+07    2.7e+04          -999.99
2014 07 27    5.2e+04  1.0e+04  2.5e+03   1.2e+08    3.2e+04          -999.99
2014 07 28    8.5e+04  1.0e+04  2.5e+03   6.3e+07    2.7e+04          -999.99
2014 07 29    5.9e+04  1.1e+04  2.6e+03   8.0e+07    2.5e+04          -999.99
2014 07 30    5.2e+04  1.0e+04  2.6e+03   5.9e+07    2.8e+04          -999.99
2014 07 31    8.8e+04  1.0e+04  2.8e+03   5.8e+07    2.9e+04          -999.99
2014 08 01    1.0e+05  1.1e+04  2.7e+03   3.6e+07    2.5e+04          -999.99
2014 08 02    1.5e+05  1.0e+04  2.6e+03   4.1e+08    1.6e+05          -999.99
2014 08 03    1.1e+05  1.1e+04  2.5e+03   6.8e+08    5.9e+05          -999.99
2014 08 04    1.1e+05  1.1e+04  2.6e+03   1.5e+08    1.8e+05          -999.99
2014 08 05    1.2e+05  1.1e+04  2.5e+03   5.4e+08    1.2e+06          -999.99
2014 08 06    1.2e+05  1.1e+04  2.6e+03   1.3e+09    1.2e+07          -999.99
2014 08 07    1.2e+05  1.0e+04  2.6e+03   2.4e+09    2.8e+07          -999.99
2014 08 08    1.1e+05  1.1e+04  2.3e+03   9.5e+08    1.4e+07          -999.99
2014 08 09    1.0e+05  1.0e+04  2.5e+03   6.9e+08    1.3e+07          -999.99
2014 08 10    7.2e+04  1.1e+04  2.7e+03   6.7e+08    1.1e+07          -999.99
2014 08 11    2.0e+05  1.0e+04  2.6e+03   5.8e+08    1.3e+07          -999.99
2014 08 12    1.3e+05  9.8e+03  2.4e+03   2.2e+08    1.9e+06          -999.99
2014 08 13    1.3e+05  1.1e+04  2.6e+03   1.2e+09    6.2e+06          -999.99
2014 08 14    1.2e+05  1.0e+04  2.7e+03   1.8e+09    9.8e+06          -999.99
2014 08 15    1.2e+05  1.0e+04  2.6e+03   1.4e+09    7.7e+06          -999.99
2014 08 16    1.8e+05  1.1e+04  2.7e+03   1.2e+09    6.3e+06          -999.99
2014 08 17    4.4e+05  1.1e+04  2.7e+03   4.2e+08    1.8e+06          -999.99
2014 08 18    3.2e+05  1.1e+04  2.5e+03   1.7e+08    2.8e+05          -999.99
2014 08 19    1.7e+05  1.1e+04  2.6e+03   4.9e+07    1.5e+05          -999.99
2014 08 20    7.5e+04  1.1e+04  2.6e+03   2.0e+08    1.6e+05          -999.99
2014 08 21    9.7e+04  1.1e+04  2.5e+03   1.2e+09    9.4e+06          -999.99
2014 08 22    3.3e+05  1.2e+04  2.8e+03   1.1e+09    1.1e+07          -999.99
2014 08 23    3.5e+05  1.1e+04  2.5e+03   1.2e+09    1.7e+07          -999.99
2014 08 24    2.9e+05  1.1e+04  2.6e+03   1.1e+09    1.2e+07          -999.99
2014 08 25    4.3e+05  2.1e+04  2.8e+03   8.5e+08    8.9e+06          -999.99
2014 08 26    1.4e+06  4.6e+04  2.9e+03   5.8e+08    5.7e+06          -999.99
2014 08 27    7.8e+05  1.5e+04  2.5e+03   2.7e+07    5.5e+04          -999.99
2014 08 28    2.7e+05  1.1e+04  2.8e+03   6.5e+08    4.4e+06          -999.99
2014 08 29    1.8e+05  1.2e+04  2.8e+03   8.1e+08    1.8e+07          -999.99
2014 08 30    2.9e+05  1.1e+04  2.7e+03   1.8e+09    4.1e+07          -999.99
2014 08 31    2.2e+05  1.1e+04  2.6e+03   1.3e+09    4.1e+07          -999.99
2014 09 01    2.0e+05  1.1e+04  3.1e+03   2.8e+09    9.6e+07          -999.99
2014 09 02    2.8e+05  8.3e+04  3.5e+04   3.6e+09    1.5e+08          -999.99
2014 09 03    6.1e+05  2.1e+05  4.5e+04   2.0e+09    7.9e+07          -999.99
2014 09 04    1.1e+06  3.2e+05  3.0e+04   1.4e+09    7.3e+07          -999.99
2014 09 05    4.7e+06  4.8e+05  1.8e+04   1.4e+09    8.6e+07          -999.99
2014 09 06    1.2e+07  6.0e+05  9.1e+03   1.6e+08    6.9e+06          -999.99
2014 09 07    6.3e+06  4.6e+05  2.5e+03   1.9e+08    1.5e+06          -999.99
2014 09 08    4.6e+06  3.5e+05  2.9e+03   2.7e+08    2.2e+06          -999.99
2014 09 09    5.3e+06  2.0e+05  3.0e+03   4.1e+08    3.5e+06          -999.99
2014 09 10    3.7e+06  1.1e+05  4.3e+03   5.6e+08    6.8e+06          -999.99
2014 09 11    2.4e+07  1.6e+06  3.4e+04   2.2e+08    2.5e+06          -999.99
2014 09 12    2.3e+08  2.9e+06  6.3e+03   5.7e+07    6.8e+06          -999.99
2014 09 13    5.3e+06  1.6e+05  2.0e+03   1.4e+07    3.1e+05          -999.99
2014 09 14    5.9e+05  4.0e+04  2.6e+03   1.4e+07    1.0e+05          -999.99
2014 09 15    6.8e+05  2.5e+04  3.0e+03   1.7e+07    1.1e+05          -999.99
2014 09 16    1.0e+06  1.9e+04  2.9e+03   2.5e+07    1.1e+05          -999.99
2014 09 17    2.8e+05  1.3e+04  2.9e+03   3.2e+07    2.8e+04          -999.99
2014 09 18    1.9e+05  1.1e+04  2.6e+03   2.5e+07    4.4e+04          -999.99
2014 09 19    7.5e+04  1.2e+04  2.8e+03   1.9e+07    2.7e+04          -999.99
2014 09 20    6.9e+04  1.2e+04  3.2e+03   1.5e+08    2.5e+04          -999.99
2014 09 21    3.7e+05  1.2e+04  3.1e+03   4.5e+08    8.6e+04          -999.99
2014 09 22    6.2e+05  5.4e+04  3.3e+03   1.0e+09    4.1e+06          -999.99
2014 09 23    3.2e+05  1.9e+04  2.9e+03   7.4e+08    4.4e+06          -999.99
2014 09 24    3.5e+05  1.1e+04  2.7e+03   8.7e+08    7.4e+06          -999.99
2014 09 25    2.1e+05  1.5e+04  3.9e+03   1.5e+09    2.3e+07          -999.99
2014 09 26    2.4e+05  1.4e+04  3.0e+03   1.2e+09    1.9e+07          -999.99
2014 09 27    1.5e+05  1.2e+04  2.4e+03   1.3e+09    3.0e+07          -999.99
2014 09 28    1.1e+05  1.3e+04  2.6e+03   1.3e+09    3.4e+07          -999.99
2014 09 29    4.9e+05  1.4e+04  2.7e+03   1.6e+09    4.6e+07          -999.99
2014 09 30    6.4e+05  1.5e+04  2.3e+03   6.6e+08    1.7e+07          -999.99
2014 10 01    6.3e+05  1.4e+04  2.5e+03   1.4e+09    3.7e+07          -999.99
2014 10 02    2.5e+05  1.2e+04  2.5e+03   1.3e+09    2.9e+07          -999.99
2014 10 03    3.0e+05  1.3e+04  2.6e+03   9.9e+08    2.3e+07          -999.99
2014 10 04    1.4e+05  1.1e+04  2.5e+03   2.0e+08    4.3e+06          -999.99
2014 10 05    2.1e+05  1.0e+04  2.5e+03   4.1e+08    1.3e+07          -999.99
2014 10 06    1.7e+05  1.1e+04  2.5e+03   5.2e+08    1.5e+07          -999.99
2014 10 07    1.4e+05  1.1e+04  2.7e+03   4.0e+08    8.6e+06          -999.99
2014 10 08    1.7e+05  1.2e+04  2.7e+03   3.4e+08    6.3e+06          -999.99
2014 10 09    1.6e+05  1.2e+04  2.7e+03   4.0e+08    2.4e+06          -999.99
2014 10 10    1.1e+05  1.2e+04  2.6e+03   3.1e+08    2.8e+06          -999.99
2014 10 11    6.4e+05  1.2e+04  2.7e+03   1.0e+08    4.0e+05          -999.99
2014 10 12    2.8e+05  1.1e+04  2.7e+03   1.6e+08    5.6e+05          -999.99
2014 10 13    1.1e+05  1.1e+04  2.7e+03   1.2e+08    3.0e+05          -999.99
2014 10 14    2.7e+05  1.1e+04  2.6e+03   2.3e+08    1.5e+06          -999.99
2014 10 15    9.0e+04  1.2e+04  3.1e+03   1.9e+08    3.7e+05          -999.99
2014 10 16    6.5e+04  1.3e+04  3.1e+03   2.5e+08    4.0e+05          -999.99
2014 10 17    2.0e+05  1.3e+04  3.0e+03   4.3e+08    9.5e+05          -999.99
2014 10 18    4.8e+05  1.6e+04  3.0e+03   9.4e+08    7.1e+06          -999.99
2014 10 19    2.4e+05  1.6e+04  2.8e+03   1.3e+09    9.7e+06          -999.99
2014 10 20    8.3e+05  1.8e+04  2.5e+03   7.1e+08    7.3e+06          -999.99
2014 10 21    8.4e+05  1.6e+04  2.5e+03   2.3e+09    5.0e+07          -999.99
2014 10 22    8.1e+05  1.4e+04  2.6e+03   5.3e+09    3.2e+08          -999.99
2014 10 23    7.1e+05  1.4e+04  2.7e+03   3.0e+09    2.1e+08          -999.99
2014 10 24    4.6e+05  1.2e+04  2.4e+03   2.7e+09    1.6e+08          -999.99
2014 10 25    3.1e+05  1.2e+04  2.6e+03   1.1e+09    5.8e+07          -999.99
2014 10 26    2.2e+05  1.1e+04  2.5e+03   7.9e+08    4.4e+07          -999.99
2014 10 27    1.7e+05  1.0e+04  2.4e+03   7.7e+08    2.4e+07          -999.99
2014 10 28    2.0e+05  1.0e+04  2.2e+03   1.2e+09    3.0e+07          -999.99
2014 10 29    1.4e+05  1.1e+04  2.7e+03   2.4e+09    6.2e+07          -999.99
2014 10 30    2.5e+05  1.2e+04  2.8e+03   2.0e+09    6.7e+07          -999.99
2014 10 31    3.6e+05  1.1e+04  2.5e+03   1.2e+09    5.1e+07          -999.99
2014 11 01    1.1e+06  8.5e+04  2.7e+03   6.1e+08    2.2e+07          -999.99
2014 11 02    1.5e+07  4.2e+05  2.8e+03   6.2e+08    2.4e+07          -999.99
2014 11 03    1.2e+07  2.3e+05  2.5e+03   3.9e+08    1.8e+07          -999.99
2014 11 04    8.3e+06  4.7e+04  2.4e+03   1.5e+08    4.6e+06          -999.99
2014 11 05    2.2e+06  1.6e+04  2.4e+03   3.3e+08    6.7e+05          -999.99
2014 11 06    1.0e+06  1.1e+04  2.4e+03   9.4e+08    2.3e+06          -999.99
2014 11 07    4.1e+05  1.1e+04  2.5e+03   4.1e+08    1.6e+06          -999.99
2014 11 08    1.0e+05  1.0e+04  2.5e+03   1.4e+08    6.9e+05          -999.99
2014 11 09    2.1e+05  1.2e+04  2.8e+03   3.3e+08    1.4e+06          -999.99
2014 11 10    3.1e+05  1.2e+04  2.3e+03   9.0e+07    2.5e+05          -999.99
2014 11 11    1.2e+05  1.1e+04  2.6e+03   6.1e+07    7.6e+04          -999.99
2014 11 12    1.5e+05  1.0e+04  2.6e+03   3.6e+08    3.3e+05          -999.99
2014 11 13    2.7e+05  1.1e+04  2.7e+03   5.3e+08    6.9e+05          -999.99
2014 11 14    1.5e+05  1.2e+04  3.0e+03   3.6e+08    4.9e+05          -999.99
2014 11 15    1.4e+05  1.1e+04  2.9e+03   9.7e+08    5.7e+06          -999.99
2014 11 16    9.4e+05  1.1e+04  2.8e+03   3.0e+09    8.7e+07          -999.99
2014 11 17    4.6e+05  1.2e+04  2.8e+03   4.9e+09    2.3e+08          -999.99
2014 11 18    3.0e+05  1.2e+04  3.2e+03   2.9e+09    1.2e+08          -999.99
2014 11 19    1.5e+05  1.2e+04  3.3e+03   1.5e+09    7.6e+07          -999.99
2014 11 20    1.7e+05  1.2e+04  2.9e+03   1.2e+09    4.3e+07          -999.99
2014 11 21    1.5e+05  1.2e+04  2.8e+03   9.0e+08    2.3e+07          -999.99
2014 11 22    1.2e+05  1.1e+04  2.6e+03   1.2e+09    2.0e+07          -999.99
2014 11 23    1.5e+05  1.1e+04  2.6e+03   1.4e+09    1.9e+07          -999.99
2014 11 24    1.0e+05  1.2e+04  2.8e+03   1.7e+09    2.7e+07          -999.99
2014 11 25    7.3e+04  1.1e+04  2.6e+03   1.3e+09    1.7e+07          -999.99
2014 11 26    9.0e+04  1.1e+04  2.6e+03   2.3e+09    3.8e+07          -999.99
2014 11 27    1.9e+05  1.1e+04  2.7e+03   8.4e+08    1.3e+07          -999.99
2014 11 28    3.2e+05  1.1e+04  2.7e+03   4.3e+08    7.0e+06          -999.99
2014 11 29    4.3e+05  1.2e+04  2.7e+03   2.0e+08    5.1e+06          -999.99
2014 11 30    4.5e+05  1.2e+04  2.6e+03   2.1e+08    4.9e+06          -999.99
2014 12 01    1.2e+06  1.5e+04  2.5e+03   1.6e+08    4.1e+06          -999.99
2014 12 02    7.6e+05  1.2e+04  2.3e+03   4.5e+08    2.8e+06          -999.99
2014 12 03    6.2e+05  1.3e+04  2.5e+03   1.4e+09    6.3e+06          -999.99
2014 12 04    8.5e+05  1.5e+04  2.4e+03   6.8e+08    2.4e+06          -999.99
2014 12 05    4.0e+05  1.2e+04  2.4e+03   9.8e+08    5.6e+06          -999.99
2014 12 06    7.0e+05  1.1e+04  2.4e+03   8.3e+08    6.0e+06          -999.99
2014 12 07    1.7e+06  1.1e+04  2.5e+03   2.0e+09    3.6e+07          -999.99
2014 12 08    1.5e+06  1.0e+04  2.4e+03   4.5e+09    2.4e+08          -999.99
2014 12 09    8.6e+05  1.0e+04  2.6e+03   2.8e+09    1.2e+08          -999.99
2014 12 10    2.4e+05  1.1e+04  2.6e+03   2.5e+09    8.3e+07          -999.99
2014 12 11    4.8e+05  1.2e+04  2.7e+03   3.3e+09    1.5e+08          -999.99
2014 12 12    5.7e+05  1.2e+04  3.0e+03   1.0e+09    2.8e+07          -999.99
2014 12 13    1.2e+05  9.1e+03  2.2e+03   8.7e+08    1.3e+07          -999.99
2014 12 14    6.2e+05  7.4e+04  5.0e+03   2.0e+09    4.2e+07          -999.99
2014 12 15    2.5e+05  1.7e+04  3.7e+03   8.8e+08    2.6e+07          -999.99
2014 12 16    2.2e+05  1.3e+04  3.3e+03   7.6e+08    1.9e+07          -999.99
2014 12 17    9.9e+04  1.8e+04  3.0e+03   1.4e+09    2.4e+07          -999.99
2014 12 18    1.1e+05  2.2e+04  2.9e+03   1.1e+09    2.0e+07          -999.99
2014 12 19    1.2e+05  1.5e+04  2.7e+03   1.0e+09    1.8e+07          -999.99
2014 12 20    1.2e+05  1.8e+04  2.7e+03   7.2e+08    1.3e+07          -999.99
2014 12 21    6.2e+06  8.7e+04  2.6e+03   4.8e+08    9.2e+06          -999.99
2014 12 22    2.3e+07  8.2e+04  2.0e+03   8.6e+07    5.3e+05          -999.99
2014 12 23    3.2e+07  1.1e+05  2.3e+03   1.3e+08    4.5e+05          -999.99
2014 12 24    3.6e+06  2.2e+04  2.3e+03   4.3e+08    7.9e+05          -999.99
2014 12 25    1.5e+06  1.8e+04  2.6e+03   1.3e+09    1.1e+07          -999.99
2014 12 26    8.5e+05  1.7e+04  2.4e+03   6.7e+08    7.1e+06          -999.99
2014 12 27    4.4e+05  1.5e+04  2.5e+03   1.6e+09    9.9e+06          -999.99
2014 12 28    9.8e+05  2.2e+04  2.6e+03   1.8e+09    1.6e+07          -999.99
2014 12 29    1.8e+06  2.2e+04  2.5e+03   6.8e+08    4.5e+06          -999.99
2014 12 30    4.3e+06  1.9e+04  2.2e+03   1.9e+09    2.1e+07          -999.99
2014 12 31    3.5e+06  1.9e+04  2.4e+03   3.1e+09    6.5e+07          -999.99
