:Product: Daily Solar Data         quar_DSD.txt
:Issued: 2025 UT 07 Apr 2015
#
#  Prepared by the U.S. Dept. of Commerce, NOAA, Space Weather Prediction Center
#  Please send comments and suggestions to SWPC.Webmaster@noaa.gov
#                Quarterly Daily Solar Data
#
#                         Sunspot       Stanford GOES15
#           Radio  SESC     Area          Solar  X-Ray  ------ Flares ------
#           Flux  Sunspot  10E-6   New     Mean  Bkgd    X-Ray      Optical
#  Date     10.7cm Number  Hemis. Regions Field  Flux   C  M  X  S  1  2  3
#--------------------------------------------------------------------------- 
2015 01 01  138    101      870      1    -999   B4.9   3  0  0  9  0  0  0
2015 01 02  146    113     1250      1    -999   B4.9   3  0  0  9  0  0  0
2015 01 03  149    122     1300      0    -999   B5.7  10  1  0 13  1  0  0
2015 01 04  150    124     1220      0    -999   B6.7   5  1  0 13  0  1  0
2015 01 05  142     89      920      0    -999   B7.2   6  0  0  8  1  1  0
2015 01 06  142    102      680      2    -999   B7.2   6  0  0  4  1  0  0
2015 01 07  147    106      490      0    -999   B7.0   6  0  0  6  1  0  0
2015 01 08  157    101      550      1    -999   B8.0   5  0  0  3  1  0  0
2015 01 09  151    125      980      2    -999   B7.7   5  0  0  2  1  0  0
2015 01 10  152    146      940      1    -999   B6.9   5  0  0  7  0  0  0
2015 01 11  154    133      980      0    -999   B8.2   8  0  0 15  0  0  0
2015 01 12  159    111      950      0    -999   C1.0   7  0  0 18  0  0  0
2015 01 13  146     93      840      0    -999   B7.5   3  2  0  5  0  1  0
2015 01 14  142     89      570      0    -999   B9.1  14  1  0 10  0  0  0
2015 01 15  131     62      270      1    -999   B6.5   5  0  0  5  0  0  0
2015 01 16  125     75      220      1    -999   B5.2   1  0  0  8  0  0  0
2015 01 17  122     49      120      0    -999   B4.6   0  0  0  5  0  0  0
2015 01 18  126     78      150      2    -999   B4.6   2  0  0  3  0  0  0
2015 01 19  130     62      250      1    -999   B5.1   3  0  0  2  0  0  0
2015 01 20  126     57      210      0    -999   B4.9   2  0  0  1  0  0  0
2015 01 21  124     50      160      0    -999   B6.0   7  0  0  2  0  0  0
2015 01 22  120     63      370      2    -999   B4.5   6  1  0  0  0  0  0
2015 01 23  121     70      530      1    -999   B4.1   6  0  0  7  0  0  0
2015 01 24  125     57      540      0    -999   B3.6   3  0  0  2  1  0  0
2015 01 25  127     65      460      1    -999   B4.3   4  0  0  0  0  0  0
2015 01 26  147    110      580      4    -999   B7.0   6  1  0 14  0  0  0
2015 01 27  158    119      840      0    -999   B9.6   5  0  0 16  0  0  0
2015 01 28  159    140      850      2    -999   B9.5   6  2  0  7  1  1  0
2015 01 29  165    181     1160      1    -999   B9.4  16  1  0 20  3  0  0
2015 01 30  159    193     1450      0    -999   B8.6   4  3  0  4  0  0  0
2015 01 31  154    153     1320      0    -999   B6.3   5  0  0  2  0  0  0
2015 02 01  142    132     1030      0    -999   B7.0   6  0  0  6  0  1  0
2015 02 02  144    117      680      2    -999   B6.8   3  0  0  9  1  0  0
2015 02 03  149    112      830      1    -999   B7.8   7  0  0 22  1  0  0
2015 02 04  145     85      700      0    -999   B7.5   2  1  0 13  0  1  0
2015 02 05  142     86      560      0    -999   B5.9   3  0  0  4  1  0  0
2015 02 06  143     71      440      0    -999   B6.2   3  0  0 10  0  0  0
2015 02 07  153     80      480      1    -999   B7.5   7  0  0  7  0  0  0
2015 02 08  153     94      510      0    -999   B7.3   7  0  0 16  2  0  0
2015 02 09  146     82      470      0    -999   B8.0   9  1  0 15  0  0  0
2015 02 10  141     82      610      0    -999   B9.1   5  0  0 10  1  0  0
2015 02 11  131     76      510      0    -999   B5.2   2  0  0  3  0  0  0
2015 02 12  128     50      400      1    -999   B4.6   2  0  0  4  1  0  0
2015 02 13  125     59      290      1    -999   B4.3   0  0  0  3  0  0  0
2015 02 14  120     49      250      0    -999   B3.8   0  0  0  1  0  0  0
2015 02 15  120     45      240      1    -999   B3.6   0  0  0  1  0  0  0
2015 02 16  118     44      220      0    -999   B3.6   0  0  0  0  0  0  0
2015 02 17  119     40      180      0    -999   B3.8   0  0  0  1  0  0  0
2015 02 18  121     95      250      5    -999   B4.0   2  0  0  7  1  0  0
2015 02 19  119     86      240      0    -999   B3.8   2  0  0  5  0  0  0
2015 02 20  120     53      100      0    -999   B4.2   3  0  0  6  0  0  0
2015 02 21  116     54      110      0    -999   B3.3   2  0  0  1  0  0  0
2015 02 22  118     49       70      1    -999   B3.0   0  0  0  0  0  0  0
2015 02 23  117     44       80      1    -999   B3.3   1  0  0  1  0  0  0
2015 02 24  114     63      120      0    -999   B2.8   1  0  0  1  0  0  0
2015 02 25  111     64      100      0    -999   B2.8   0  0  0  0  0  0  0
2015 02 26  111     39       70      1    -999   B2.5   0  0  0  0  0  0  0
2015 02 27  118     58      200      1    -999   B3.3   1  0  0  3  0  0  0
2015 02 28  123     70      220      0    -999   B4.4   7  0  0  7  0  0  0
2015 03 01  128     66      210      0    -999   B6.2   3  0  0 10  0  0  0
2015 03 02  130     65      170      0    -999   B9.4  14  4  0  4  1  0  0
2015 03 03  125     38      140      0    -999   B5.2   5  1  0  4  0  0  0
2015 03 04  124     43      250      0    -999   B5.1   3  0  0  4  1  0  0
2015 03 05  130     31       75      1    -999   B6.7   4  1  0  0  0  0  0
2015 03 06  127     37       50      2    -999   C1.0   6  2  0  1  0  0  0
2015 03 07  138     20      180      0    -999   B5.9   4  1  0  2  0  0  0
2015 03 08  124     23      260      0    -999   B6.6   2  0  0  6  2  0  0
2015 03 09  123     29      260      0    -999   B5.0  13  2  0 14  6  1  0
2015 03 10  121     42      280      0    -999   B5.4  13  2  0 21  0  1  0
2015 03 11  132     42      360      1    -999   B6.8  14  3  1  8  3  1  0
2015 03 12  127     56      360      1    -999   B9.5  10  5  0  0  0  1  0
2015 03 13  119     87      470      2    -999   B4.8   6  2  0  4  0  0  0
2015 03 14  116     56      350      0    -999   B4.1  12  1  0 13  1  1  0
2015 03 15  114     54      390      0    -999   B4.6   7  2  0 11  2  0  0
2015 03 16  117     57      390      0    -999   B3.6   6  1  0  9  2  1  0
2015 03 17  114     60      810      2    -999   B3.3   2  1  0  4  0  1  0
2015 03 18  115     44      470      0    -999   B6.0  18  0  0 18  1  0  0
2015 03 19  109     71      420      1    -999   B3.5   2  0  0  8  0  0  0
2015 03 20  113     27      120      0    -999   B4.8   1  0  0  0  0  0  0
2015 03 21  114     40      260      2    -999   B4.0   2  0  0  0  0  0  0
2015 03 22  122     88      380      3    -999   B4.0   2  0  0  0  0  0  0
2015 03 23  128    119      540      3    -999   B4.7   3  0  0  2  0  0  0
2015 03 24  133    127      580      1    -999   B4.8   2  0  0  8  0  0  0
2015 03 25  138    115      650      0    -999   B5.4   8  0  0  8  1  0  0
2015 03 26  136    103      590      1    -999   B4.5   4  0  0  5  0  0  0
2015 03 27  138    109      600      0    -999   B5.0   5  0  0  8  0  0  0
2015 03 28  146     82      580      1    -999   B7.9  10  0  0 12  0  0  0
2015 03 29  145     73      450      1    -999   B9.1   8  0  0 16  0  0  0
2015 03 30  134     56      490      0    -999   B6.6   5  0  0  0  0  0  0
2015 03 31  128     53      350      0    -999   B4.7   0  0  0  0  0  0  0 
2015 04 01  124     69      520      1    -999   B3.9   0  0  0  0  0  0  0
2015 04 02  121     31      280      0    -999   B4.1   2  0  0  2  0  0  0
2015 04 03  120     29       70      1    -999   B4.1   1  0  0  0  0  0  0
2015 04 04  122     68      130      2    -999   B3.9   3  0  0  0  0  0  0
2015 04 05  122     66      230      0    -999   B4.8   2  0  0  1  0  0  0
2015 04 06  126     78      220      0    -999   B4.1   2  0  0  2  1  0  0
2015 04 07  111     39      280      0    -999   B3.3   1  0  0  6  0  0  0
2015 04 08  106     40      170      0    -999   B2.0   1  1  0  2  1  0  0
2015 04 09  113     37      150      0    -999   B2.5   5  0  0 13  3  0  0
2015 04 10  115     34      140      0    -999   B4.0   4  0  0  5  1  0  0
2015 04 11  123     74      330      3    -999   B6.3   4  0  0 10  0  0  0
2015 04 12  134     64      720      0    -999   B8.3  11  1  0  5  1  0  0
2015 04 13  141     68      740      0    -999   B7.8   9  0  0 16  1  0  0
2015 04 14  147     97     1290      2    -999   B6.6   0  0  0  1  0  0  0
2015 04 15  155     85     1150      0    -999   B6.7   2  0  0  4  0  1  0
2015 04 16  150     85      920      1    -999   B7.5   7  0  0 12  2  0  0
2015 04 17  150     93      880      1    -999   B5.4   6  0  0  7  0  0  0
2015 04 18  148    114      840      1    -999   B5.3   3  0  0  4  2  0  0
2015 04 19  152    142      880      1    -999   B5.4   3  0  0  0  0  0  0
2015 04 20  150    125      750      1    -999   B5.6   3  0  0  9  1  0  0
2015 04 21  154    153      670      2    -999   B9.0   4  7  0 16  0  1  0
2015 04 22  150    134      630      1    -999   B9.0   9  1  0 13  1  0  0
2015 04 23  141    110      630      0    -999   B8.6  10  1  0 17  0  0  0
2015 04 24  135     79      480      0    -999   B7.1  10  0  0 14  0  0  0
2015 04 25  126     77      550      0    -999   B5.1   1  0  0  5  0  0  0
2015 04 26  119     55      530      0    -999   B3.8   2  0  0  1  0  0  0
2015 04 27  108     42      240      0    -999   B2.7   0  0  0  0  0  0  0
2015 04 28  108     36      240      0    -999   B2.7   1  0  0  0  1  0  0
2015 04 29  104     26       30      0    -999   B2.8   1  0  0  0  0  0  0
2015 04 30  102     27       50      2    -999   B2.8   1  0  0  0  0  0  0
2015 05 01  100     13       70      0    -999   B2.2   1  0  0  1  0  0  0
2015 05 02  106     25      220      0    -999   B2.7   0  0  0  6  0  0  0
2015 05 03  111     67      200      3    -999   B4.5   6  0  0 12  0  0  0
2015 05 04  125     85      370      0    -999   B5.6   8  0  0 11  1  0  0
2015 05 05  128     99      650      1    -999   B8.4  18  4  1 17  1  1  0
2015 05 06  136    110      940      0    -999   B8.6   9  1  0 18  1  0  0
2015 05 07  147    131     1080      2    -999   B7.0   8  0  0 17  1  0  0
2015 05 08  150    134     1230      0    -999   B6.1   9  0  0  6  1  0  0
2015 05 09  155    136     1060      1    -999   B6.1   5  0  0 13  0  0  0
2015 05 10  160    134     1060      2    -999   B6.9   7  0  0 11  0  0  0
2015 05 11  163    188     1130      3    -999   B7.4   7  0  0 23  1  0  0
2015 05 12  163    170      910      0    -999   B7.0   4  0  0 11  1  0  0
2015 05 13  157    135      590      0    -999   B7.0   7  0  0 17  2  0  0
2015 05 14  145    126      750      1    -999   B6.5   7  0  0  8  1  0  0
2015 05 15  137    113      640      0    -999   B5.1   7  0  0 13  0  0  0
2015 05 16  131    103      590      0    -999   B5.0   0  0  0  2  0  0  0
2015 05 17  120     75      510      0    -999   B4.0   0  0  0  2  0  0  0
2015 05 18  115     83      340      2    -999   B4.4   2  0  0  2  0  0  0
2015 05 19  110     84      220      1    -999   B3.4   1  0  0  4  0  0  0
2015 05 20  106     61      130      0    -999   B2.7   2  0  0  3  0  0  0
2015 05 21  102     36       70      0    -999   B2.0   1  0  0  8  0  0  0
2015 05 22   99     81      160      2    -999   B2.0   1  0  0  3  0  0  0
2015 05 23   98     69      150      1    -999   B1.9   3  0  0  5  0  0  0
2015 05 24   99     74      180      1    -999   B1.8   0  0  0  0  0  0  0
2015 05 25   97     63      180      0    -999   B1.7   0  0  0  0  0  0  0
2015 05 26   95     46       90      0    -999   B2.2   0  0  0  2  0  0  0
2015 05 27   95     24       40      0    -999   B2.0   1  0  0  1  0  0  0
2015 05 28   93     11       60      1    -999   B1.6   0  0  0  0  0  0  0
2015 05 29   92     23       70      1    -999   B1.5   0  0  0  0  0  0  0
2015 05 30   95     27       90      0    -999   B1.8   0  0  0  0  0  0  0
2015 05 31   94     47      140      1    -999   B2.0   0  0  0  2  0  0  0
2015 06 01  100     38      100      1    -999   B2.2   0  0  0  0  0  0  0
2015 06 02  101     39      110      0    -999   B2.4   1  0  0  2  0  0  0
2015 06 03  109     55      140      1    -999   B3.1   1  0  0  2  0  0  0
2015 06 04  118     80      340      2    -999   B4.4   2  0  0  8  0  0  0
2015 06 05  126    105      420      1    -999   B4.1   5  0  0  5  0  0  0
2015 06 06  133    129      580      2    -999   B4.0   2  0  0  3  0  0  0
2015 06 07  137    136      560      1    -999   B4.4   5  0  0  2  0  0  0
2015 06 08  134    122      420      0    -999   B4.3   0  0  0  1  0  0  0
2015 06 09  137    110      350      0    -999   B5.3   2  0  0  2  1  0  0
2015 06 10  135    105      250      0    -999   B6.0   9  0  0  4  0  0  0
2015 06 11  140    101      320      1    -999   B7.1  19  1  0 20  1  0  0
2015 06 12  137     96      630      0    -999   B8.1  10  0  0 20  3  0  0
2015 06 13  136     97      610      2    -999   B8.9  14  1  0 19  0  0  0
2015 06 14  132    117      550      1    -999   B7.5   5  1  0  1  0  0  0
2015 06 15  135    107      520      0    -999   B7.4   5  0  0  3  0  0  0
2015 06 16  136     87      680      1    -999   B8.6   8  0  0 13  0  0  0
2015 06 17  136     94      940      0    -999   B6.2   4  0  0 11  2  0  0
2015 06 18  151     82     1120      0    -999   B9.4   8  2  0 15  3  0  0
2015 06 19  137     74     1320      0    -999   B6.8   8  0  0 18  0  0  0
2015 06 20  135     89     1410      0    -999   B5.7   3  1  0 11  1  0  0
2015 06 21  136     79     1410      0    -999      *   5  4  0 19  2  1  0
2015 06 22  135     77     1320      1    -999   B6.3   4  1  0 10  1  1  0
2015 06 23  116     61     1070      0    -999   B5.0   2  0  0  5  0  0  0
2015 06 24  110     39      740      0    -999   B4.4   4  0  0  4  1  0  0
2015 06 25  102     33      580      0    -999   B4.2   1  1  0  3  0  0  1
2015 06 26  101     28      550      0    -999   B3.5   3  0  0 10  0  0  0
2015 06 27   97     25      430      0    -999   B3.3   1  0  0  0  0  0  0
2015 06 28   97     39      220      2    -999   B4.1   2  0  0  3  0  0  0
2015 06 29   97     36      180      1    -999   B4.1   6  0  0  3  1  0  0
2015 06 30  101     41      270      1    -999   B3.2   2  0  0  2  0  0  0 
2015 07 01  109     49      380      0    -999   B3.6   1  0  0  1  0  0  0
2015 07 02  114     73      340      2    -999   B4.0   5  0  0  2  2  0  0
2015 07 03  112     91      340      1    -999   B3.7   7  1  0 17  1  0  0
2015 07 04  117    111      390      2    -999   B3.2   1  0  0  2  0  0  0
2015 07 05  125    131      420      1    -999   B4.4   0  0  0  9  0  0  0
2015 07 06  133    109      630      0    -999   B5.8  10  2  0 24  0  1  0
2015 07 07  133    118      700      1    -999   B5.2   7  0  0 13  1  0  0
2015 07 08  129    131      840      1    -999   B3.9   1  0  0  2  0  0  0
2015 07 09  122    120      820      0    -999   B3.5   1  0  0  3  0  0  0
2015 07 10  129    124      710      1    -999   B4.1   1  0  0  8  0  0  0
2015 07 11  120     91      730      0    -999   B3.9   1  0  0  8  0  0  0
2015 07 12  116     59      750      1    -999   B3.8   0  0  0  0  0  0  0
2015 07 13  110     44      590      0    -999   B3.5   0  0  0  2  0  0  0
2015 07 14  105     39      530      0    -999   B3.1   2  0  0  2  0  0  0
2015 07 15  101     39      280      0    -999   B2.5   0  0  0  0  0  0  0
2015 07 16  100     55      210      2    -999   B2.1   0  0  0  0  0  0  0
2015 07 17   97     40      190      0    -999   B2.2   0  0  0  2  0  0  0
2015 07 18   96     52      310      0    -999   B2.0   1  0  0  1  0  0  0
2015 07 19   99     46      220      0    -999   B3.0   1  0  0  0  0  0  0
2015 07 20   93     39      160      0    -999   B2.2   0  0  0  0  0  0  0
2015 07 21   91     37      150      0    -999   B1.7   0  0  0  0  0  0  0
2015 07 22   89     35       90      0    -999   B1.5   0  0  0  1  0  0  0
2015 07 23   89     27       40      0    -999   B1.7   0  0  0  1  0  0  0
2015 07 24   92     54       70      2    -999   B2.2   3  0  0 10  1  0  0
2015 07 25   94     41      130      0    -999   B2.2   0  0  0  1  0  0  0
2015 07 26   97     38      190      0    -999   B2.3   1  0  0  6  0  0  0
2015 07 27  100     53      240      1    -999   B2.2   0  0  0  2  0  0  0
2015 07 28  101     56      210      0    -999   B2.3   0  0  0  0  0  0  0
2015 07 29  101     66      200      1    -999   B2.2   0  0  0  0  0  0  0
2015 07 30  102     83      270      2    -999   B2.0   0  0  0  0  0  0  0
2015 07 31  101     71      360      0    -999   B2.3   0  0  0  0  0  0  0
2015 08 01  103     70      290      0    -999   B2.4   1  0  0  3  0  0  0
2015 08 02  102     51      230      0    -999   B2.4   0  0  0  0  0  0  0
2015 08 03  106     62      181      2    -999   B3.1   0  0  0  1  0  0  0
2015 08 04  107     68      270      0    -999   B2.5   0  0  0  2  0  0  0
2015 08 05  112     87      450      1    -999   B2.7   0  0  0 10  0  0  0
2015 08 06  122     80      700      0    -999   B3.4   3  0  0 11  0  0  0
2015 08 07  122     95      850      1    -999   B4.6  11  0  0 15  0  0  0
2015 08 08  121     92      920      0    -999   B4.3   4  0  0  4  0  0  0
2015 08 09  115     87      900      0    -999   B3.5   1  0  0  1  0  0  0
2015 08 10  106     67      790      0    -999   B2.4   0  0  0  2  0  0  0
2015 08 11  103     87      770      2    -999   B2.2   1  0  0  3  0  0  0
2015 08 12   99     68      590      0    -999   B2.3   0  0  0  0  0  0  0
2015 08 13   95     51      290      1    -999   B2.1   0  0  0  4  0  0  0
2015 08 14   93     46      160      0    -999   B2.4   4  0  0  4  0  0  0
2015 08 15   89     33       60      0    -999   B1.7   1  0  0  3  0  0  0
2015 08 16   86     32       80      0    -999   B1.3   0  0  0  1  0  0  0
2015 08 17   87     20       30      0    -999   B1.4   0  0  0  0  0  0  0
2015 08 18   89     44      110      2    -999   B1.4   0  0  0  1  0  0  0
2015 08 19   98     36      150      0    -999   B2.0   0  0  0  6  0  0  0
2015 08 20  103     68      410      1    -999   B4.2   6  0  0 17  0  1  0
2015 08 21  110     78      380      0    -999   B5.0   3  3  0 19  2  1  0
2015 08 22  117     72      420      0    -999   B9.6  13  2  0  8  4  0  0
2015 08 23  133     93      790      0    -999   B6.2   5  0  0 10  1  0  0
2015 08 24  128     71      950      0    -999   B6.2  17  2  0 18  2  0  0
2015 08 25  121     61     1190      0    -999   B4.9  12  0  0 22  0  0  0
2015 08 26  126     45     1100      0    -999   B6.5   7  0  0 11  0  1  0
2015 08 27  110     46      900      1    -999   B4.8   6  1  0  9  1  0  0
2015 08 28  109     52      850      0    -999   B5.7  17  2  0 10  2  0  0
2015 08 29  100     50      550      1    -999   B4.5   4  0  0  1  0  0  0
2015 08 30   92     50      130      1    -999   B3.5   2  1  0  1  0  0  0
2015 08 31   91     50       40      1    -999   B2.8   1  0  0  1  0  0  0
2015 09 01   89     49       90      1    -999   B2.1   0  0  0  4  0  0  0
2015 09 02   88     41       70      0    -999   B1.8   0  0  0  1  0  0  0
2015 09 03   87     27       40      1    -999   B1.7   1  0  0  0  0  0  0
2015 09 04   90     36       60      1    -999   B1.2   0  0  0  1  0  0  0
2015 09 05   85     24       50      0    -999   B1.0   0  0  0  0  0  0  0
2015 09 06   86     38       70      1    -999   B1.0   0  0  0  0  0  0  0
2015 09 07   84     47       80      1    -999   A6.3   0  0  0  0  0  0  0
2015 09 08   84     40       60      0    -999   A5.3   0  0  0  1  0  0  0
2015 09 09   82     49       70      1    -999   A5.9   0  0  0  0  0  0  0
2015 09 10   84     42       60      0    -999   A7.9   0  0  0  0  0  0  0
2015 09 11   93     79      230      2    -999   B1.6   1  0  0 10  0  0  0
2015 09 12   99     87      350      1    -999   B2.7   0  0  0  5  0  0  0
2015 09 13   99     75      500      1    -999   B2.1   0  0  0  2  0  0  0
2015 09 14   97     52      520      0    -999   B2.0   0  0  0  5  0  0  0
2015 09 15  101     66      530      1    -999   B2.7   6  0  0 12  0  0  0
2015 09 16  109     67      680      0    -999   B3.4  10  0  0  8  0  0  0
2015 09 17  107     72      540      0    -999   B2.9  12  1  0 18  2  0  0
2015 09 18  103     62      490      0    -999   B3.4   4  0  0 11  0  0  0
2015 09 19  106     61      520      0    -999   B3.0   2  0  0  1  0  0  0
2015 09 20  110     74      750      1    -999   B3.4   2  2  0  2  0  1  0
2015 09 21  103     68      650      0    -999   B2.9   4  0  0  3  0  0  0
2015 09 22  107     79      630      2    -999   B2.6   0  0  0  6  0  0  0
2015 09 23  111     95      500      1    -999   B3.1   7  0  0  7  0  0  0
2015 09 24  107     86      550      0    -999   B2.8   2  0  0  9  0  0  0
2015 09 25  120    145      640      3    -999   B3.6   1  0  0  7  0  0  0
2015 09 26  120    138      720      0    -999   B4.0   3  0  0 15  0  0  0
2015 09 27  128    154     1010      1    -999   B6.3  13  2  0 43  4  0  0
2015 09 28  124    120     1050      1    -999   C1.0  13  4  0 25  4  0  0
2015 09 29  129    125     1170      0    -999   C1.2   8  9  0 31  4  1  0
2015 09 30  131     78     1090      0    -999   C1.2   8  2  0 20  3  0  0 
2015 10 01  120     73      950      0    -999   B8.6   7  1  0 12  3  0  0
2015 10 02  107     58      670      0    -999   B8.9  13  3  0 13  1  0  0
2015 10 03   97     47      480      0    -999   B5.3  10  0  0  0  0  0  0
2015 10 04   88     18      150      0    -999   B2.9   0  1  0  0  0  0  0
2015 10 05   83     15      110      0    -999   B1.1   0  0  0  0  0  0  0
2015 10 06   81     24      110      1    -999   B1.0   0  0  0  0  0  0  0
2015 10 07   81     24      110      0    -999   A9.4   0  0  0  1  0  0  0
2015 10 08   80     24       40      1    -999   A9.4   0  0  0  0  0  0  0
2015 10 09   81     11       30      0    -999   A7.5   0  0  0  1  0  0  0
2015 10 10   81     22       50      1    -999   A7.4   0  0  0  0  0  0  0
2015 10 11   85     36       80      1    -999   A9.4   1  0  0  0  0  0  0
2015 10 12   89     51      100      1    -999   B2.6   1  0  0  1  0  0  0
2015 10 13   96     58      120      1    -999   B2.8   5  0  0  0  0  0  0
2015 10 14  101     56      110      0    -999   B2.9   2  0  0  3  0  0  0
2015 10 15  107     49      100      0    -999   B3.5  14  1  0  7  0  0  0
2015 10 16  109     68      200      1    -999   B4.6   7  1  0  2  0  0  0
2015 10 17  117     83      400      1    -999   B7.1  13  2  0  7  1  0  0
2015 10 18  120     81      530      1    -999   B5.1   3  0  0  2  0  0  0
2015 10 19  124     94      580      0    -999   B4.1   7  0  0 10  0  0  0
2015 10 20  123     77      520      0    -999   B4.3   4  0  0  2  0  0  0
2015 10 21  129     73      510      0    -999   B4.8   8  0  0  8  2  0  0
2015 10 22  121     94      470      2    -999   B4.1   1  0  0  2  0  0  0
2015 10 23  115     91      410      0    -999   B3.6   0  0  0  4  0  0  0
2015 10 24  106     74      320      0    -999   B3.2   3  0  0  4  0  0  0
2015 10 25  106     63      280      0    -999   B3.4   0  0  0  1  0  0  0
2015 10 26  106     72      250      1    -999   B3.6   1  0  0  2  0  0  0
2015 10 27  110     78      290      1    -999   B7.9   6  0  0  0  1  0  0
2015 10 28  112     71      190      1    -999   B6.6   5  0  0  6  1  0  0
2015 10 29  113    101      520      2    -999   B6.4  12  0  0 13  0  0  0
2015 10 30  121     88      620      0    -999   C1.1  15  0  0  4  1  0  0
2015 10 31  119     73      670      0    -999   B8.3  14  1  0 10  1  0  0
2015 11 01  124     88      730      2    -999   B6.6  14  0  0 27  2  0  0
2015 11 02  122     94      850      0    -999   B6.2   9  0  0 20  1  0  0
2015 11 03  124     95      780      1    -999   B5.0   5  0  0 15  0  0  0
2015 11 04  114     93      580      1    -999   B5.7   7  3  0  7  2  1  0
2015 11 05  110     75      420      0    -999   B3.7   0  0  0  1  0  0  0
2015 11 06  115     86      410      1    -999   B5.1   6  0  0  6  0  0  0
2015 11 07  115     79      460      2    -999      *   4  0  0  7  0  0  0
2015 11 08  108     70      360      0    -999   B3.3   0  0  0  0  0  0  0
2015 11 09  108     67      360      0    -999   B3.1   1  1  0  1  1  1  0
2015 11 10  105     65      250      0    -999   B3.1   3  0  0  5  0  0  0
2015 11 11  105     64      110      1    -999   B3.2   0  0  0  1  0  0  0
2015 11 12  104     29       40      0    -999   B2.6   0  0  0  1  0  0  0
2015 11 13  103     50       50      2    -999   B2.4   1  0  0  2  0  0  0
2015 11 14  106     48       60      1    -999   B2.2   0  0  0  1  0  0  0
2015 11 15  106     63       80      0    -999   B2.3   0  0  0  0  0  0  0
2015 11 16  106     44       40      0    -999   B2.3   0  0  0  0  0  0  0
2015 11 17  107     33       40      0    -999   B2.5   1  0  0  1  0  0  0
2015 11 18  108     36       60      1    -999   B3.5   1  0  0  0  0  0  0
2015 11 19  108     51       80      1    -999   B3.5   0  0  0  0  0  0  0
2015 11 20  111     52      150      0    -999   B3.2   0  0  0  3  0  0  0
2015 11 21  122     59      250      0    -999   B4.0   6  0  0  2  0  0  0
2015 11 22  123     76      330      1    -999   B4.5   9  0  0 18  0  0  0
2015 11 23  120     77      400      0    -999   B4.2   3  0  0  1  1  0  0
2015 11 24  113     66      290      1    -999   B3.7   0  0  0  0  0  0  0
2015 11 25  109     58      200      1    -999   B3.1   1  0  0  0  0  0  0
2015 11 26  104     56      170      0    -999   B2.8   0  0  0  0  0  0  0
2015 11 27   99     48      110      0    -999   B2.0   0  0  0  0  0  0  0
2015 11 28   97     36      110      0    -999   B1.6   0  0  0  0  0  0  0
2015 11 29   96     47       70      1    -999   B1.6   0  0  0  2  0  0  0
2015 11 30   96     51      120      0    -999   B1.9   1  0  0  3  1  0  0
2015 12 01   95     27       70      0    -999   B1.9   2  0  0  2  0  0  0
2015 12 02   95     26       60      0    -999   B1.8   1  0  0  2  0  0  0
2015 12 03   95     47       50      2    -999   B1.9   1  0  0  1  0  0  0
2015 12 04   98     25      120      0    -999   B2.3   2  0  0  6  0  0  0
2015 12 05  101     41      170      1    -999   B2.5   2  0  0  5  0  0  0
2015 12 06  102     38      130      0    -999   B2.4   1  0  0  4  0  0  0
2015 12 07  101     50      130      1    -999   B2.4   2  0  0  1  0  0  0
2015 12 08  111     58      160      1    -999   B2.3   3  0  0  1  0  0  0
2015 12 09  109     77      190      1    -999   B3.0   3  0  0  4  0  0  0
2015 12 10  109     86      280      1    -999   B2.5   1  0  0  2  0  0  0
2015 12 11  114     77      170      0    -999   B3.8   2  0  0  2  1  0  0
2015 12 12  117     89      290      2    -999   B5.0  12  0  0  2  0  0  0
2015 12 13  123     74      430      0    -999   B4.3   1  0  0  2  1  0  0
2015 12 14  124     81      480      1    -999   B3.7   1  0  0  6  0  0  0
2015 12 15  119     64      660      0    -999   B3.2   1  0  0  2  0  0  0
2015 12 16  126     49      580      0    -999   B3.9   1  0  0  3  1  0  0
2015 12 17  118     52      650      0    -999   B2.8   2  0  0  3  0  0  0
2015 12 18  117     49      570      0    -999   B2.8   2  0  0 10  1  0  0
2015 12 19  119     44      460      0    -999   B3.5   5  0  0  1  0  0  0
2015 12 20  117     33      430      0    -999   B5.8   8  0  0  1  0  0  0
2015 12 21  122     38      500      2    -999   B6.7  10  2  0  9  2  0  0
2015 12 22  130     68      790      1    -999   B7.4   3  1  0 16  1  0  0
2015 12 23  134     63      910      0    -999   B5.2   2  1  0 12  1  0  0
2015 12 24  133     51      880      0    -999   B6.9   3  1  0 13  0  0  0
2015 12 25  126     71      880      1    -999   B4.9   6  0  0  3  0  0  0
2015 12 26  117     63      620      0    -999   B4.0   4  0  0  6  0  0  0
2015 12 27  110     67      560      0    -999   B3.3   2  0  0  6  0  0  0
2015 12 28  112     64      530      0    -999   B5.8   4  1  0  3  0  0  0
2015 12 29  105     54      480      0    -999   B3.9   4  0  0  1  1  0  0
2015 12 30  102     34      250      0    -999   B3.0   2  0  0  3  1  0  0
2015 12 31   96     18      130      0    -999   B2.8   2  0  0  1  0  0  0
